-17.8573 -2.77321 -0.961836 1
36.875 7.4911 -0.0919765 1
-10.5746 -12.411 -0.277977 1
0.769964 25.8008 -1.23577 2
-11.0286 11.938 -0.462547 2
18.6521 31.3289 0.355123 2
26.6582 10.8779 -0.120414 2
13.802 29.4835 0.914781 2
-4.88869 26.6924 -0.484537 2
-2.64153 10.136 -0.850637 2
-0.370657 29.495 -1.19724 2
0.129958 21.6285 -0.953624 2
4.74018 20.0774 -0.757647 3
-2.74745 4.63527 -1.06285 3
-5.79637 4.51906 -0.293859 3
-12.3384 -4.76772 -0.895895 3
-28.4364 3.9154 -0.340815 3
14.9709 15.5074 -0.225553 3
9.96696 36.6901 -1.69786 1
-5.21395 39.5811 -1.50505 2
-11.2071 20.0155 -0.642496 2
-3.98286 18.0445 -1.21519 2
11.9708 22.0284 -1.29141 1
35.2921 12.2362 -0.386173 2
18.7155 10.5458 0.4863 3
14.2198 19.053 -0.444491 3
-9.21164 -31.2693 0.483229 1
36.8705 6.17801 -0.20277 1
32.4257 5.82273 0.151826 3
3.91042 -4.26899 -0.371346 3
47.5733 7.04907 -0.0568107 1
10.6172 39.9037 -1.27499 3
42.5796 6.73491 -0.474707 1
53.8334 12.603 0.757119 2
39.7653 6.40982 -0.423713 1
61.8788 7.8478 -0.0684401 1
54.1554 7.40869 -0.16911 1
48.0159 14.8542 0.496071 2
47.8447 11.2426 0.144755 3
86.4861 8.90636 0.753483 1
65.1705 7.85182 0.114358 1
57.1674 8.08194 -0.163915 1
68.6065 7.56402 0.159858 1
78.1492 16.2955 0.903462 2
67.9861 12.9857 0.709611 2
19.4714 -8.58568 1.09973 2
71.275 7.01238 0.34375 1
78.5115 7.80546 0.288088 1
67.8857 -5.8655 0.681606 2
99.7604 -1.31918 1.37825 3
73.9459 13.1688 0.61431 2
74.6046 -5.69693 0.80691 2
82.7311 13.5009 0.835402 2
77.6438 12.0803 1.41534 3
88.4058 13.3222 1.19099 2
69.4379 -15.3701 0.758424 2
82.6403 -5.26883 0.682156 1
67.4842 -12.9318 0.535735 2
121.6 13.2537 1.42452 2
102.427 13.9588 1.11848 2
105.295 12.8681 0.765811 3
119.689 8.82858 1.76909 3
134.272 11.0025 1.14198 1
131.447 15.2795 2.01258 2
115.524 -6.57325 1.83216 3
126.454 15.1341 1.44089 2
114.75 28.0964 0.571007 1
145.516 10.3591 1.43418 1
135.708 13.7706 2.33093 3
153.455 11.0776 1.46535 1
148.567 15.5833 2.23652 2
83.1289 -8.34015 0.621583 1
108.318 -52.3616 2.23709 1
132.195 -43.4112 3.6516 2
85.7883 -38.3248 1.61568 2
119.201 -42.2831 2.22112 2
106.111 -74.5002 2.64251 1
109.373 -95.3363 4.23139 2
117.9 -46.6571 2.74051 2
108.276 -54.1633 2.21157 1
76.1303 -69.1207 2.37743 2
111.747 -83.4363 3.49623 2
114.874 -83.8125 3.46455 2
64.8925 -62.3756 1.66844 2
124.757 -85.4314 3.80439 2
117.337 -80.624 3.62394 2
82.463 -64.8651 2.03308 1
120.613 -81.2214 3.67179 2
125.312 -81.8491 3.6123 2
101.576 -111.618 3.52171 1
105.838 -77.4997 2.49484 1
99.5648 -124.38 4.19458 1
112.456 -115.768 3.82847 1
80.1711 -118.186 4.80721 2
74.2499 -102.701 3.13459 1
97.4975 -149.676 5.41399 1
104.846 -144.769 5.57206 1
74.4915 -141.569 5.37669 3
69.8588 -140.957 5.17835 3
67.8888 -140.184 5.1659 3
96.7674 -166.138 6.93947 2
88.1449 -196.212 6.67199 1
91.7999 -163.223 6.21112 1
85.6735 -195.447 6.71522 1
83.7194 -197.802 7.94607 3
82.8845 -194.815 6.32129 1
91.5591 -163.638 6.26091 1
99.0789 -216.449 8.23825 2
89.9305 -167.099 6.02661 1
68.1734 -185.838 5.91889 1
61.3641 -191.415 7.33377 3
103.887 -203.976 7.72219 3
64.4311 -190.646 5.69746 1
126.17 -210.704 7.68584 3
107.173 -193.278 6.65954 1
150.921 -217.874 7.77338 3
127.79 -212.451 6.85682 1
90.1967 -197.513 6.64909 1
138.022 -207.062 6.5623 1
128.029 -193.696 6.46357 2
122.519 -195.768 6.46453 1
129.157 -195.443 6.98065 3
151.977 -193.024 6.42244 3
157.616 -217.908 6.75327 1
168.867 -221.196 6.73757 1
158.574 -183.46 5.96115 1
104.072 -204.095 9.13916 3
186.906 -220.915 7.01804 1
160.661 -166.081 5.49054 1
164.793 -179.135 6.14461 1
162.216 -153.253 5.4546 1
174.32 -173.566 5.93157 1
157.242 -134.502 5.3154 2
162.94 -147.619 5.23187 1
160.88 -163.435 5.44824 1
189.341 -142.231 5.44602 2
150.903 -128.491 4.73707 2
166.943 -109.313 4.32878 1
151.849 -133.711 5.00209 2
149.635 -136.31 5.31186 2
168.569 -127.503 5.36894 2
143.812 -120.667 4.25874 2
167.994 -96.8278 4.17704 1
156.582 -105.861 4.15572 1
189.245 -117.163 4.79543 1
154.773 -93.1289 4.46298 3
155.332 -59.1662 3.58579 3
197.49 -85.9109 3.99362 1
147.8 -58.892 3.33736 3
176.419 -22.6635 3.46488 3
142.602 -67.4601 3.30016 1
174.158 -18.851 2.45045 1
185.912 -39.405 3.96725 2
176.113 -7.35273 3.18643 3
182.394 14.9986 3.41446 2
163.759 -5.54677 2.66828 2
197.3 15.4979 4.15412 3
166.351 14.5427 2.43351 3
189.311 16.5992 2.76816 2
159.378 15.7791 2.17027 2
182.382 11.2555 2.64765 3
159.424 11.3435 1.66727 1
153.976 12.2956 1.55181 1
148.842 15.5093 2.27351 2
199.449 16.7348 3.12354 2
170.114 16.6415 2.34147 3
189.263 12.6105 3.15853 3
146.182 11.754 1.51612 1
210.887 17.1664 2.96737 2
135.891 13.7929 2.49389 3
131.703 15.3934 2.16596 2
208.883 12.6616 2.60586 1
136.322 10.0213 1.08542 1
160.789 0.601375 2.89907 3
167.064 -7.12831 3.03738 2
215.606 2.36099 4.09626 3
196.907 -0.77935 3.44813 2
221.701 2.25589 3.83247 3
199.521 -11.742 3.09009 1
214.036 11.6847 2.52969 1
224.594 16.3183 3.6556 2
228.103 16.5698 3.54889 3
242.591 15.9986 3.54207 2
247.772 14.2375 3.14601 1
241.819 12.4587 3.77653 3
256.39 17.6093 4.50842 2
263.009 15.0394 3.54738 1
237.868 -3.36379 3.66105 3
232.078 17.0443 3.38259 3
272.43 14.0513 3.63546 1
260.864 17.5553 4.48077 3
250.759 13.5374 3.21384 1
257.196 13.955 3.5177 1
279.193 18.3572 6.37497 2
254.378 13.5199 3.19406 1
226.69 -33.2838 3.85599 1
231.059 -48.8807 4.10596 1
262.531 -23.6371 4.6137 2
218.049 -37.0004 4.38923 2
229.924 -78.8248 4.8237 1
216.263 -67.7361 4.42041 2
225.333 -96.454 5.73991 2
207.118 -72.1849 4.37889 1
224.953 -93.1463 5.39204 3
236.214 -86.0355 5.40541 3
236.847 -104.249 5.48631 1
241.388 -101.743 5.4423 1
229.683 -82.031 4.82725 1
223.595 -148.015 6.29559 1
213.188 -149.452 6.1833 2
209.043 -149.599 6.1478 2
223.341 -173.968 7.00413 1
219.075 -150.212 6.42765 2
219.897 -199.212 7.28381 1
199.955 -181.451 6.63843 3
193.307 -182.334 6.60799 3
191.866 -179.195 6.95591 2
223.151 -151.852 6.19444 1
202.886 -170.836 6.19972 1
218.995 -205.259 7.32823 1
213.66 -192.556 7.17284 2
228.079 -227.234 8.69252 2
223.03 -211.278 7.95069 2
227.249 -213.812 8.00818 1
202.916 -233.262 8.22838 3
224.135 -209.696 8.51398 2
229.593 -212.046 7.7443 1
233.156 -210.664 7.77387 1
230.885 -241.653 9.27776 3
222.022 -236.687 7.81691 1
241.934 -211.592 8.34389 1
224.092 -237.155 7.96605 1
232.82 -239.689 8.22656 1
189.829 -221.61 7.37861 1
170.243 -221.14 6.82559 1
177.903 -226.127 7.94256 3
150.971 -217.888 8.32908 3
187.895 -221.228 7.2903 1
159.534 -218.222 6.63989 1
126.248 -210.774 6.93893 3
139.552 -207.454 6.39908 1
128.255 -212.777 6.49715 1
168.809 -220.958 6.88548 1
158.524 -183.926 5.97663 1
127.743 -194.076 6.53057 2
157.693 -217.604 6.70708 1
160.588 -165.822 5.49082 1
151.972 -193.073 6.451 3
129.263 -195.383 6.46942 3
164.967 -179.134 6.21105 1
162.193 -153.125 5.47274 1
157.393 -134.505 5.1983 2
174.873 -173.672 6.03737 1
162.656 -148.186 5.20117 1
160.932 -163.273 5.48566 1
149.66 -136.269 5.06836 2
189.342 -142.328 5.61315 2
166.929 -110.115 4.36416 1
151.895 -133.648 5.01294 2
150.893 -128.457 4.67797 2
143.881 -120.665 4.29492 2
167.908 -96.7734 4.19006 1
163.22 -146.112 5.15813 1
156.635 -105.833 4.07643 1
189.243 -117.218 4.94577 1
154.733 -93.102 4.28777 3
155.345 -59.1884 3.43984 3
147.814 -58.9671 3.45542 3
176.389 -22.5654 3.55702 3
142.649 -67.7372 3.05984 1
168.251 -94.6178 4.22174 1
174.148 -18.5617 2.5487 1
185.768 -39.4655 3.77541 2
182.421 15.0832 3.5434 2
176.366 -7.43396 3.11272 3
163.757 -5.43717 2.61609 2
166.332 14.5595 2.40769 3
159.359 15.754 2.11494 2
189.287 16.5596 2.69191 2
159.232 11.1507 1.50972 1
170.148 16.5369 2.21574 3
182.396 11.2121 2.66132 3
153.589 12.0895 1.34675 1
148.807 15.5589 2.10074 2
197.157 15.5744 2.88173 3
189.272 12.5151 3.09911 3
203.67 13.0878 2.54734 1
145.951 11.3311 1.2994 1
131.749 15.3748 1.88814 2
199.382 16.77 3.02075 2
135.917 13.7882 2.76159 3
208.967 11.8067 2.74812 1
167.077 -7.11867 2.81944 2
160.684 0.487576 2.48982 3
210.857 17.2039 3.33516 2
215.533 2.43166 4.20305 3
197.002 -0.626072 3.83392 2
172.632 60.6007 2.05478 3
168.201 41.4512 1.21632 1
170.262 68.084 1.30106 3
163.258 68.1733 1.1263 3
185.284 63.2096 2.44236 2
158.861 65.3716 1.36346 2
180.529 73.3054 1.74254 2
141.43 61.1056 1.25745 3
173.16 85.3366 1.64944 3
131.565 55.4055 1.31755 2
172.257 112.47 1.33421 3
183.167 88.7745 0.944836 1
179.425 100.221 0.490483 3
160.922 91.2273 0.620544 2
198.76 89.0093 1.92874 3
150.649 90.5516 0.479807 2
199.876 96.476 1.99441 1
179.236 103.777 0.514074 3
195.53 90.6519 1.97599 2
157.891 97.9346 0.289098 1
154.806 95.5606 0.340333 2
169.856 145.355 1.23795 3
166.109 147.949 0.125778 1
189.688 152.933 0.699382 1
167.013 181.972 -0.128699 1
167.618 197.308 -0.314855 1
161.671 184.746 -0.048613 1
194.657 188.966 0.661771 1
173.025 203.191 0.521756 2
172.961 205.8 -0.207319 1
166.749 206.355 -0.489392 1
169.859 224.065 -0.610429 1
170.751 245.401 0.226086 1
172.736 246.515 0.145206 1
175.833 214.042 -0.0537521 1
178.676 238.621 -0.481619 2
167.445 200.509 -0.315533 1
185.627 248.233 -0.732194 1
166.248 251.208 -0.495283 3
183.609 250.325 0.15418 3
191.921 247.964 -0.415808 1
208.436 246.825 -0.406761 1
175.423 246.885 -0.432311 1
155.395 249.803 -1.3012 1
151.639 252.07 -0.178073 3
197.104 247.292 -0.439475 1
153.509 245.018 -1.15685 1
168.634 246.235 -0.467173 1
171.45 265.404 -1.16649 1
149.081 240.246 -0.9525 2
137.894 245.909 -1.55878 1
152.91 240.102 -0.987704 2
171.131 255.72 -1.02476 1
155.995 239.202 -0.842755 2
122.742 256.35 -0.927561 2
176.121 261.735 -0.403787 2
116.904 253.966 -1.01968 3
172.495 252.28 -0.632114 3
134.868 258.095 -0.309431 2
141.816 258.005 -1.3783 1
139.666 234.219 -1.32617 2
167.551 247.027 -0.167336 1
100.839 261.207 -0.987346 2
135.168 264.61 -0.890259 2
88.0378 255.417 -1.26588 3
133.014 255.157 -1.18454 2
128.754 242.372 -1.64849 1
131.433 260.583 -1.29106 2
113.92 242.402 -1.14699 2
68.7651 245.738 -2.7277 2
83.9419 253.886 -3.15875 1
75.6689 245.531 -2.53726 2
104.911 276.549 -2.08387 1
72.7332 247.948 -3.20052 1
135.625 245.795 -1.734 1
82.7881 237.178 -2.94527 1
87.0997 211.384 -2.43615 1
57.9759 258.454 -3.25693 2
64.4393 258.865 -3.5801 1
59.0698 256.939 -3.27282 3
53.3884 246.827 -3.05737 2
59.6817 248.734 -3.54094 1
65.2334 248.535 -3.37686 1
53.4489 249.4 -3.80865 1
46.1977 255.776 -4.04998 1
50.6282 259.061 -3.88192 2
61.4592 246.283 -2.81032 2
45.0086 247.098 -3.20631 2
60.5115 259.007 -3.73346 1
43.5251 249.753 -3.97665 1
37.0283 247.505 -3.18918 2
22.3131 248.402 -3.88163 2
38.9783 255.78 -4.36603 1
31.5206 258.548 -3.38971 3
81.5199 254.11 -3.17497 1
31.079 250.446 -4.46186 1
28.6043 248.295 -3.69518 2
50.6939 241.431 -3.46985 2
27.4977 257.069 -4.62908 1
54.4291 249.358 -3.79513 1
21.855 256.774 -4.83428 1
38.7294 259.593 -3.8821 2
15.5307 256.131 -5.05743 1
24.4933 257.029 -4.7494 1
15.1677 248.865 -4.10327 2
4.02849 255.653 -4.51064 3
45.1038 241.649 -3.43039 2
7.16968 240.76 -5.03437 1
10.0622 240.846 -4.4025 1
3.06783 259.376 -5.83938 1
-15.0285 239.335 -5.53929 1
-5.29274 264.98 -5.58771 1
-19.5747 238.343 -4.64713 3
-20.7285 234.761 -5.54746 1
-39.2152 223.631 -4.9058 3
0.443967 219.216 -4.53683 3
-15.5238 238.854 -5.54943 1
-36.3422 206.203 -5.06357 1
-64.5588 194.306 -4.81456 2
-32.1079 203.104 -5.0275 1
-51.6347 198.397 -4.92994 3
-51.1943 176.302 -4.27067 2
-58.1691 186.231 -5.23974 2
-45.3256 166.937 -4.32471 2
-54.8401 186.198 -5.08241 3
-35.9461 174.71 -2.51794 3
-73.3359 214.8 -6.01263 1
-63.7826 197.328 -4.88113 3
-63.9078 221.958 -5.79202 2
-66.9453 225.009 -6.10724 2
-68.307 220.569 -5.57439 3
-88.2012 234.605 -7.00813 1
-84.9768 242.732 -6.59072 3
-39.9296 157.663 -4.16229 2
-72.2537 205.644 -4.643 2
-24.9719 162.951 -3.18415 2
-76.6501 152.139 -4.2919 2
-34.4685 147.499 -3.9633 2
-22.4313 149.507 -2.80567 3
-33.6807 152.296 -3.8228 3
-54.2048 140.525 -3.72874 2
-29.5166 137.38 -3.72092 2
-37.2773 133.89 -3.84717 2
-59.1971 127.122 -3.30431 2
-15.9915 132.519 -3.76676 1
-26.6582 136.451 -3.50805 3
-20.6205 117.027 -3.54018 1
-67.7527 123.941 -3.98197 2
-10.7969 123.352 -2.29306 2
-18.0352 151.966 -3.5821 3
-1.60094 145.364 -3.78242 1
-11.9599 108.152 -3.26388 1
-0.918432 114.294 -2.53427 2
1.49925 115.436 -2.2848 1
-2.81415 98.7142 -2.91263 1
6.16039 83.3102 -1.85947 1
-1.38923 96.2327 -1.51689 3
-6.62977 92.0309 -2.86943 1
3.59775 116.373 -2.66928 1
-2.53754 64.4392 -0.911558 3
13.4925 114.871 -2.86252 1
5.73607 68.5259 -1.88635 3
10.4858 57.7832 -0.852625 2
-4.02054 55.2406 -1.66403 2
6.37951 60.9625 -1.9896 1
-6.18538 76.5428 -2.33247 2
-3.71268 49.4883 -1.85815 2
10.5313 40.0179 -1.15709 3
8.62968 77.6346 -1.51359 2
-9.42851 56.5138 -1.15393 2
-9.33329 77.9358 -2.51883 1
-13.1728 77.079 -2.55873 1
-6.09437 89.1188 -2.79728 1
-0.327164 29.7584 -1.07862 2
10.1277 55.4622 -0.903129 2
0.795088 26.0129 -1.14188 2
0.203613 21.9534 -1.06281 2
-5.22066 39.7943 -1.47814 2
9.78637 38.3724 -1.70533 1
-4.79126 26.7173 -0.855097 2
-2.64158 10.4545 -0.673718 2
-11.2263 20.0118 -0.599434 2
-4.02481 18.1329 -0.660981 2
-4.37879 4.79343 -0.589857 3
4.85751 20.1222 -0.730761 3
11.8328 23.1876 -1.24247 1
4.95892 81.6654 -1.73773 1
26.712 10.9937 -0.133779 2
18.6665 10.6126 0.590073 3
36.7931 7.20291 -0.323491 1
35.2799 12.276 -0.155477 2
-12.3339 -4.73027 -0.862654 3
15.0008 15.5056 -0.133759 3
-11.0127 11.985 -0.627331 2
-17.0963 -2.65043 -0.978327 1
-10.0935 -12.813 -0.466387 1
47.6691 9.0091 -0.281074 1
-5.80901 4.7289 -0.6627 3
14.1831 19.1126 -0.353615 3
18.724 31.3789 0.0593865 2
47.7938 11.3384 0.0231703 3
-18.914 -2.62011 -0.877942 1
3.89553 -4.21505 -0.579852 3
32.4555 5.83393 -0.249661 3
-28.4453 3.97184 0.0357654 3
36.6228 5.87749 -0.282541 1
48.0288 14.9006 -0.162799 2
14.0651 29.73 0.717265 2
42.5872 6.61373 -0.387953 1
39.8383 6.32215 -0.472723 1
53.7677 12.6024 0.698119 2
61.548 7.76045 -0.0844746 1
57.0171 8.08035 -0.157331 1
68.5959 7.56038 0.150251 1
65.4455 7.72957 0.01885 1
86.4145 8.88841 0.684857 1
67.8892 13.0118 0.717268 2
78.1412 16.2581 1.08151 2
71.3495 7.26273 0.182949 1
19.3012 -8.38972 1.15745 2
78.3823 7.68928 0.276934 1
77.631 12.0965 1.41014 3
67.872 -5.78316 0.56491 2
73.9099 13.1801 0.732035 2
99.9008 -1.42935 1.42812 3
82.7487 13.4897 0.911973 2
69.2898 -15.2984 0.980259 2
82.8025 -5.24873 0.695587 1
74.5747 -5.61732 0.742656 2
88.1942 13.2914 1.56273 2
121.583 13.2705 1.17707 2
102.581 13.9893 1.02168 2
105.275 12.8292 1.06016 3
119.631 8.8353 1.7358 3
126.334 15.0906 1.31041 2
131.435 15.3686 1.40153 2
134.22 10.9907 1.20701 1
115.455 -6.54513 1.72294 3
135.7 13.8127 2.21153 3
136.923 10.7597 1.50934 1
160.654 0.568651 2.90986 3
153.273 10.9817 1.48331 1
148.725 15.6123 2.13012 2
166.252 14.3749 2.88268 3
159.29 15.8216 2.64055 2
163.277 -5.2812 2.70461 2
182.228 15.0331 3.00864 2
189.246 16.6028 2.62051 2
170.027 16.6221 2.213 3
182.424 11.3151 2.90059 3
203.553 12.9803 2.45611 1
199.436 16.7626 2.52391 2
176.28 -7.32251 2.66088 3
197.148 15.4909 2.69865 3
174.324 -16.3683 2.58622 1
176.354 -22.5363 3.09854 3
210.919 17.1483 3.0522 2
189.318 12.6062 3.02627 3
208.996 11.7432 2.73195 1
166.991 -7.0029 2.70823 2
199.412 -11.7695 3.04548 1
221.025 12.4236 2.8443 1
214.065 11.7039 2.69946 1
196.933 -0.70801 3.3195 2
199.458 -11.7278 3.13473 1
247.802 14.2314 3.2298 1
216.6 12.9023 2.94184 1
224.488 16.2517 3.76124 2
238.025 15.1361 3.15323 1
221.635 2.23566 3.7006 3
228.187 16.5518 3.48159 3
241.78 12.4022 3.91066 3
256.332 17.594 4.70063 2
242.553 15.9229 3.73453 2
232.105 17.0082 3.68273 3
237.873 -3.41713 3.88921 3
263.556 13.8747 3.94997 1
272.829 14.6776 4.0834 1
257.11 13.4517 3.65683 1
215.638 2.29618 4.53578 3
249.556 12.9139 3.42973 1
254.016 13.6212 3.49067 1
260.873 17.4505 4.82926 3
290.105 18.5356 5.81674 2
279.457 18.3727 5.83151 2
295.304 18.4243 5.73524 3
255.727 -12 4.44033 3
287.095 14.9494 4.07916 1
275.694 13.5001 3.91811 1
297.86 24.9704 5.90133 2
299.012 19.2214 5.72298 3
256.672 0.846974 4.00499 2
307.965 14.3257 4.98517 3
264.604 18.1338 3.97027 2
288.549 4.22226 4.64277 3
301.927 26.6198 4.47808 1
301.48 -19.5279 4.88216 1
302.016 57.1542 5.63098 3
336.159 12.4327 5.81783 3
299.45 47.9253 4.53723 1
348.62 -0.598711 6.19719 1
370.393 0.633173 7.07159 3
345.668 -4.36854 6.42847 1
352.291 -0.401295 6.12117 1
364.404 10.3542 6.36662 3
368.332 -1.6962 6.65057 1
361.419 -0.504464 6.16111 1
391.678 8.48887 7.49684 3
365.317 -1.51251 6.36503 1
371.38 9.8628 6.6965 3
359.496 -8.19543 6.05786 1
365.894 34.1582 6.00192 1
357.881 23.9699 5.74055 1
373.511 -2.81171 7.46173 2
379.936 -6.23378 7.61591 2
394.734 0.834073 6.44182 1
355.917 19.2243 6.23718 3
356.814 -7.75882 6.23531 1
352.557 -2.57192 6.15765 1
354.137 -8.10332 6.06465 1
359.483 41.4325 5.56527 1
390.372 12.311 6.40425 1
