17.6607 -19.687 -0.326176 1
17.8495 -13.2779 -0.544247 1
-1.42341 -22.1789 0.0989619 2
-10.3837 -34.9895 -0.187662 2
29.068 -11.0943 0.35446 2
-25.702 -14.2153 0.0869406 2
33.273 26.3496 -0.25654 2
-0.836534 -7.07876 -0.352042 2
13.4664 -19.2982 0.136323 2
29.2033 -26.4727 0.759074 2
37.21 13.0922 0.181549 2
27.5808 -15.9925 0.544466 2
7.11714 12.3597 -0.530182 2
-7.04497 -11.3237 -0.441438 2
-3.83087 -5.67044 -0.229703 2
-6.3188 -12.7257 -0.393688 2
-1.27314 10.4881 -1.14829 2
29.9264 16.392 0.132096 3
-8.00483 -4.38005 -0.686876 3
25.0131 -12.2075 0.253789 3
15.6626 -15.5593 0.00237362 3
27.0833 23.365 -0.336555 3
-18.9561 40.6353 -3.60501 2
17.1501 15.0365 -0.517642 3
-25.5511 -14.3589 -2.3772 2
-19.616 40.2867 -1.73559 2
27.6932 -22.0886 0.829641 3
16.2566 35.2078 -0.331775 2
38.5047 14.3207 0.667749 2
54.9554 7.56568 0.522686 3
54.7077 11.929 0.771046 2
40.2282 8.47236 -0.665578 1
18.1544 -27.9311 -0.0603977 1
52.1452 26.1185 -0.375213 2
16.4671 44.4508 -1.07986 2
27.443 8.65754 0.370096 3
66.2407 -2.82431 2.03882 3
53.7146 -1.97017 -0.170939 1
68.2467 13.318 0.299773 2
16.4606 51.5275 -1.48257 2
26.9416 51.7386 -1.01618 3
68.6356 27.1686 -0.350866 2
16.392 61.5504 -1.56319 2
16.2813 71.0793 -2.25634 2
16.4248 80.173 -2.35449 2
22.8573 62.8832 -2.66777 1
16.1401 88.7253 -2.69588 2
22.7217 68.382 -2.74426 1
22.8391 83.8466 -3.16283 1
16.2672 97.6996 -2.69754 2
16.3309 107.112 -3.28622 2
28.481 84.1851 -2.09309 2
-5.7737 102.373 -4.10302 2
3.02824 104.08 -4.20879 2
22.8666 89.8347 -3.47652 1
22.5806 95.2473 -3.61893 1
15.8584 116.621 -3.30336 2
16.0726 125.199 -4.00069 2
22.8014 106.872 -3.92782 1
26.6858 106.797 -2.64122 3
16.1498 134.376 -4.04639 2
22.5881 115.378 -4.20052 1
36.0051 104.142 -3.39733 1
34.3495 101.094 -3.34734 1
22.784 133.492 -4.72845 1
15.9482 143.456 -4.44346 2
16.0918 152.079 -4.74766 2
32.216 129.502 -4.06099 1
16.0096 161.41 -4.53356 2
26.6126 132.659 -3.64866 3
15.9146 170.31 -5.3246 2
64.9475 134.467 -1.07038 2
26.8019 154.061 -4.17993 3
28.1848 176.241 -4.72031 2
15.9213 179.77 -5.53163 2
27.2614 185.239 -5.88461 3
15.8737 188.686 -6.06825 2
15.9664 197.926 -6.05386 2
23.44 180.949 -6.30386 1
27.607 183.794 -4.85183 2
30.3889 194.505 -6.05482 2
15.8432 212.898 -6.94576 2
26.2654 208.943 -6.46893 3
15.0924 220.79 -6.93841 2
15.8273 231.221 -7.03947 2
15.5859 201.026 -6.51762 3
23.3507 183.066 -6.22119 1
52.684 197.282 -5.17239 3
38.5261 194.54 -5.58066 2
26.1047 239.881 -7.60322 3
15.5409 253.717 -7.96998 2
23.1548 258.35 -8.59079 1
15.3589 273.384 -8.39093 2
30.9269 228.748 -6.81257 2
4.65016 269.279 -9.655 2
32.1494 241.405 -7.93626 1
34.8908 241.288 -7.71581 1
25.9192 265.677 -6.83993 3
23.0875 272.951 -8.85478 1
4.91646 277.846 -9.12863 2
-17.2291 270.513 -10.5202 2
15.4418 300.98 -9.22103 2
-23.921 273.982 -10.6292 2
22.1191 278.638 -9.30823 1
-9.52653 292.215 -9.90379 2
3.61051 307.284 -9.39369 2
25.7894 296.057 -8.35875 3
15.2681 311.178 -9.93319 2
-19.8321 293.905 -10.4992 2
-18.6915 289.637 -9.38884 2
22.5164 284.381 -9.4791 1
-20.6154 280.206 -10.4243 2
22.5197 321.589 -10.4928 1
23.1098 260.758 -8.77027 1
-26.7624 268.431 -10.5264 2
15.3414 332.963 -10.343 2
-13.7072 321.728 -11.3563 2
-0.79089 319.65 -10.4868 2
-19.3871 316.784 -12.0025 2
-19.5326 321.401 -10.5972 2
8.35949 338.634 -10.7047 2
15.343 343.151 -10.544 2
22.5981 334.788 -10.1013 1
21.8437 327.5 -10.763 1
6.71647 348.141 -11.0596 2
-23.8232 324.944 -11.9179 2
15.4512 353.029 -10.7005 2
-9.60538 329.22 -11.7294 2
28.9504 310.389 -9.20714 2
-20.1293 291.55 -10.9785 2
-24.8454 327.91 -12.183 2
29.3978 327.131 -9.47355 2
-19.7173 341.321 -12.6634 2
15.2473 363.359 -11.1643 2
-23.5834 337.624 -12.4875 2
22.6404 332.82 -10.2314 1
-25.7293 341.59 -12.1601 2
-19.3642 296.273 -9.75885 2
28.1931 337.891 -9.83354 2
26.5762 331.098 -9.5967 2
27.4165 363.86 -10.3142 2
15.0853 373.682 -11.562 2
25.7623 373.639 -11.0544 3
25.7741 346.006 -10.0271 3
27.3226 347.402 -10.0043 2
28.9655 341.379 -10.7578 1
-27.5316 354.38 -13.1097 2
23.0076 370.31 -11.9905 1
-26.1899 348.304 -12.995 2
-29.3124 345.882 -13.2996 2
29.4294 394.986 -11.2965 2
-9.08009 361.175 -12.492 2
-28.5368 364.587 -13.3886 2
25.1022 396.333 -11.7414 3
22.7255 336.894 -10.4844 1
25.6474 387.371 -11.9959 3
40.1433 370.957 -10.416 2
15.3579 388.064 -12.3253 3
7.50764 399.314 -13.5234 2
46.0332 391.346 -11.6051 2
54.8314 397.299 -11.6818 2
44.3517 389.974 -10.1957 2
25.1368 417.767 -12.8059 2
-19.4691 381.126 -12.8291 2
-12.0052 410.724 -13.7143 2
50.3457 378.563 -11.9808 1
22.785 338.159 -10.6614 1
61.0778 392.51 -11.1648 2
8.5322 384.489 -12.2632 3
44.8371 376.57 -11.6107 3
60.159 379.27 -11.197 1
68.289 394.381 -11.1566 2
47.8851 370.93 -10.5845 2
72.7406 376.746 -10.3933 3
-18.2399 398.162 -11.5554 3
59.6851 368.294 -10.2017 2
36.7454 424.091 -14.2941 1
61.897 379.77 -11.2864 1
73.27 397.114 -11.3682 2
84.0635 392.251 -10.8292 2
29.2635 362.783 -9.95081 2
91.8239 397.4 -10.9573 2
95.4588 400.208 -11.1829 2
74.1532 379.306 -11.5897 1
97.2504 396.469 -11.208 2
100.329 376.772 -10.0956 3
97.7558 372.482 -9.22019 3
95.1203 370.846 -10.9402 1
87.1094 372.307 -10.2879 3
96.6348 404.64 -12.217 1
91.9301 386.667 -10.8158 3
65.0939 378.969 -11.7336 1
105.244 379.777 -11.0005 1
124.288 376.961 -9.69794 3
133.081 387.522 -10.4848 1
89.4977 357.207 -10.7504 1
88.2146 362.304 -10.0959 3
88.333 333.242 -9.24404 3
94.7373 342.597 -10.3603 1
90.441 350.535 -10.7523 1
94.7308 335.186 -10.0141 1
98.8305 339.213 -9.47836 2
89.8822 323.24 -9.75215 1
99.3018 322.123 -9.22519 2
94.8605 327.93 -9.90365 1
94.6449 320.313 -9.64855 1
90.0922 301.477 -8.83392 1
94.7434 310.196 -9.21686 1
88.4775 304.446 -8.13963 3
86.9671 324.745 -9.39118 2
90.1321 355.151 -10.7791 1
94.8228 340.773 -10.3768 1
84.8592 316.433 -9.39914 2
85.8213 297.784 -7.69939 2
94.7676 303.088 -9.1097 1
94.9095 296.657 -8.84038 1
81.6823 313.679 -9.71411 1
99.2727 306.542 -9.02307 2
77.2686 314.253 -8.92468 2
90.3114 281.15 -8.43655 1
95.2707 266.971 -7.59875 1
88.527 277.395 -7.93438 3
90.3568 293.617 -8.93809 1
86.9485 288.411 -8.26975 2
90.274 265.923 -7.90263 1
99.1844 274.113 -7.62652 2
86.3127 281.31 -7.91865 2
90.0847 299.323 -8.85175 1
88.6885 250.4 -6.02046 3
87.0784 243.092 -7.25446 1
86.5855 248.4 -6.96133 3
95.0292 249.861 -7.23893 1
94.7109 256.59 -7.33926 1
90.3995 233.583 -6.95394 1
90.3606 277.797 -8.46157 1
90.283 262.715 -7.99541 1
88.6906 218.135 -5.30275 3
88.6079 211.743 -5.46126 3
83.4495 192.42 -3.98739 2
101.2 215.89 -5.95073 1
82.9525 197.496 -4.90416 3
97.7272 195.906 -4.94619 3
85.2688 196.419 -4.9168 3
97.4208 211.587 -5.41421 3
81.1389 204.419 -6.07589 1
109.375 197.522 -3.81474 3
84.1086 168.785 -4.4868 2
87.106 168.126 -4.67858 1
56.003 221.45 -6.32702 2
90.274 230.762 -7.08475 1
70.7907 199.49 -6.16026 1
52.596 196.761 -5.02153 3
83.1848 177.437 -4.69054 2
137.596 197.563 -3.01767 3
95.5864 166.126 -4.23629 2
144.022 204.405 -4.40069 1
155.553 211.438 -3.20526 3
165.82 212.176 -3.38037 3
165.353 210.512 -3.58342 3
160.53 195.568 -3.38918 3
170.653 199.795 -3.51588 1
162.847 220.399 -4.57854 1
152.26 194.494 -3.86344 3
155.688 218.71 -3.16219 3
154.059 184.477 -3.57651 1
157.306 222.493 -4.77988 1
157.179 228.969 -4.61622 1
155.678 243.657 -3.02108 3
183.678 199.678 -3.26892 1
193.609 199.882 -2.80571 1
157.748 242.858 -5.2511 1
184.881 214.986 -2.60712 2
189.545 214.77 -2.4349 2
184.792 192.042 -1.00771 2
146.604 204.548 -4.5102 1
157.524 256.428 -5.50712 1
165.831 276.483 -5.22534 2
162.289 266.829 -5.63273 1
170.647 238.961 -4.46865 1
157.751 224.841 -4.8996 1
157.483 266.669 -5.74268 1
157.939 244.921 -5.39744 1
157.604 261.259 -5.7984 1
162.588 222.599 -4.59573 1
157.482 280.92 -6.28863 1
157.688 274.834 -6.23758 1
161.71 274.899 -6.00143 1
162.157 290.846 -6.58533 1
157.614 288.183 -6.68736 1
155.73 272.254 -5.61971 3
155.581 301.199 -6.06443 3
166.738 283.678 -5.60742 3
165.551 297.955 -6.4023 2
165.827 307.698 -6.9948 1
153.775 309.776 -7.29954 1
162.265 318.137 -7.50468 1
155.595 332.396 -7.09342 3
157.42 323.648 -7.59311 1
162.054 277.748 -6.3799 1
162.087 330.238 -7.83323 1
152.302 314.49 -7.28726 3
157.632 335.453 -8.12638 1
153.717 359.419 -7.0889 2
157.325 290.201 -6.81461 1
161.86 339.525 -8.14695 1
155.626 362.337 -7.72541 3
157.554 330.018 -7.97414 1
166.164 353.959 -7.59314 2
162.108 320.334 -7.5826 1
155.725 372.525 -8.58826 3
156.068 388.326 -8.76385 2
170.295 388.195 -8.62705 2
157.514 325.552 -7.71098 1
175.37 395.3 -8.37446 2
171.667 403.126 -8.65817 2
158.076 405.541 -10.0898 2
154.001 386.939 -9.78507 1
184.207 395.316 -8.058 2
189.29 401.831 -7.95221 2
182.991 388.413 -8.64856 2
161.878 386.553 -9.81033 1
193.488 395.227 -8.2878 2
151.965 376.972 -9.0316 3
181.673 411.03 -8.42017 2
144.148 388.16 -9.39651 2
195.507 388.265 -7.59226 2
193.159 404.018 -8.00209 3
176.916 377.468 -8.06417 3
139.04 387.446 -10.114 1
172.213 388.012 -9.41883 1
202.671 394.806 -7.44105 2
189.584 411.725 -8.95601 2
124.662 377.052 -9.02304 3
208.09 388.565 -6.93572 2
211.943 395.504 -8.11645 2
205.136 377.567 -7.50791 3
164.545 395.865 -9.11985 2
136.841 385.818 -10.1805 1
150.25 409.727 -10.8896 2
220.63 373.441 -6.38766 3
241.9 370.391 -6.82197 2
205.52 387.178 -8.39869 1
227.719 383.051 -6.86967 2
231.685 370.459 -6.36866 3
214.31 410.045 -7.2988 1
208.747 371.54 -7.50261 2
215.89 386.358 -7.9678 1
210.883 386.681 -8.15103 1
214.345 408.976 -7.36321 1
213.75 370.809 -7.0817 2
219.016 369.355 -7.54723 2
243.028 364.558 -6.30838 3
231.874 358.827 -6.81004 3
224.667 356.7 -7.17369 1
222.634 352.032 -6.30542 3
233.013 357.37 -6.83039 1
252.624 368.774 -6.52813 2
272.727 360.981 -5.96966 2
234.123 345.838 -6.42485 1
222.609 322.925 -4.67029 3
224.916 349.89 -6.91768 1
231.893 361.389 -6.90924 3
224.649 335.261 -6.38569 1
201.166 327.832 -6.30597 2
224.606 326.571 -6.20932 1
229.813 319.282 -5.9292 1
222.737 295.184 -4.216 3
229.395 305.971 -5.201 1
220.249 300.11 -5.27219 1
224.548 333.045 -6.38821 1
220.533 287.244 -4.36779 2
222.721 270.169 -3.41557 3
224.501 275.535 -4.65669 1
229.735 317.471 -5.84678 1
229.738 275.014 -4.48336 1
224.382 324.386 -6.21378 1
233.035 269.296 -3.65856 2
229.45 268.435 -4.36985 1
224.397 253.493 -4.00035 1
229.528 259.684 -4.13221 1
235.883 267.234 -3.80209 2
224.95 273.512 -4.5901 1
233.927 264.056 -3.52088 2
229.566 252.23 -3.66992 1
224.8 248.126 -3.88437 1
235.211 241.977 -2.07456 1
232.514 237 -1.83409 2
229.711 235.776 -3.21021 1
222.709 244.624 -2.74716 3
229.503 247.294 -3.82338 1
233.317 252.864 -2.77042 2
229.432 229.815 -2.96595 1
224.613 225.335 -2.96952 1
232.604 239.842 -3.28272 1
229.609 256.195 -3.99562 1
217.813 238.604 -3.72826 1
229.556 221.751 -2.85206 1
232.733 193.974 -0.628218 2
222.677 214.497 -1.77356 3
221.821 220.734 -2.66312 2
216.996 197.81 -1.36032 3
230.687 194.23 -1.33401 3
232.054 212.038 -1.28782 3
217.834 179.041 0.0505249 2
237.263 200.181 -1.81708 1
241.364 197.961 -0.53436 3
243.045 200.211 -1.89428 1
199.545 195.916 -2.30634 2
200.539 199.959 -2.95181 1
195.325 199.854 -2.79334 1
189.962 214.586 -2.16722 2
215.997 194.081 -1.66153 2
231.685 183.067 -1.03631 3
185.041 199.631 -3.40595 1
251.537 205.778 -1.88081 1
221.329 168.443 -1.3307 1
231.606 172.675 -1.34626 1
209.936 175.801 -0.61684 2
185.412 214.874 -2.39076 2
202.163 213.305 -2.64453 2
155.674 211.32 -2.93897 3
172.338 199.888 -3.59877 1
165.553 210.715 -3.57837 3
137.869 197.549 -3.36286 3
196.96 199.892 -2.79767 1
186.683 176.359 -1.51939 2
184.913 190.79 -1.85149 2
146.441 204.433 -4.51694 1
155.91 218.673 -3.67508 3
157.6 221.605 -4.5707 1
139.883 199.69 -4.54238 1
152.496 194.486 -3.6469 3
157.458 228.318 -4.71271 1
165.919 213.388 -3.50183 3
155.72 243.593 -3.92638 3
162.535 220.095 -4.50099 1
160.704 195.561 -3.73355 3
154.317 184.118 -3.83435 1
157.572 242.458 -5.41847 1
109.586 197.479 -4.25152 3
143.961 204.439 -4.44493 1
83.6306 192.133 -4.45106 2
83.059 197.391 -5.0912 3
81.647 204.203 -5.80144 1
85.4368 195.768 -4.65023 3
97.6832 211.478 -5.326 3
88.9349 217.98 -5.67828 3
83.1977 177.435 -4.27486 2
88.7611 211.666 -5.43222 3
97.7839 195.977 -4.83413 3
71.2776 199.847 -6.15222 1
83.8102 168.745 -4.8055 2
87.1989 167.693 -4.52515 1
90.5789 230.679 -7.13085 1
95.5459 166.229 -4.09769 2
88.7653 250.227 -6.00995 3
52.832 197.236 -4.86142 3
87.1425 168.166 -4.6395 1
38.8985 194.412 -5.59779 2
30.4274 194.638 -6.11861 2
16.0516 197.997 -6.65032 2
55.9383 221.44 -6.6774 2
78.0136 204.198 -5.92455 1
15.6397 201.038 -6.49237 3
16.0753 188.916 -6.38675 2
16.0488 179.963 -5.77929 2
15.9579 212.916 -6.9828 2
26.4593 208.943 -6.77964 3
27.2715 184.048 -5.43648 2
15.1896 162.021 -4.75216 2
68.4836 199.797 -6.17266 1
15.8141 220.991 -7.04748 2
15.9099 170.534 -5.51078 2
27.8686 176.563 -5.53831 2
23.5047 183.131 -6.17136 1
15.977 231.207 -7.39838 2
13.1778 160.426 -3.45044 2
16.0372 152.337 -4.60815 2
26.4277 185.55 -5.80347 3
26.4788 154.402 -3.6584 3
16.1038 143.806 -4.41612 2
16.0975 134.694 -3.84947 2
23.1191 184.272 -6.55908 1
22.6956 136.019 -4.89595 1
16.395 125.542 -4.0547 2
16.7298 107.432 -3.39339 2
26.6054 107.404 -2.52855 3
16.0267 116.739 -3.20176 2
3.34498 104.739 -3.85566 2
16.4415 97.7812 -2.61838 2
26.6076 132.867 -4.11366 3
-5.51655 102.465 -3.93888 2
30.9748 129.678 -4.15141 1
22.7282 123.352 -4.56814 1
22.6403 115.972 -4.24126 1
16.1593 89.0162 -2.84377 2
32.1124 175.366 -4.37356 2
22.6551 108.511 -3.97162 1
64.9185 134.119 -2.15156 2
28.4291 83.704 -2.58357 2
22.686 96.9794 -3.71701 1
34.5651 101.378 -2.95948 1
22.8666 90.3927 -3.37791 1
22.7461 133.848 -4.80833 1
22.7833 121.359 -4.46315 1
22.7528 85.1405 -3.31334 1
16.2772 71.294 -2.18593 2
22.8934 69.3374 -2.76065 1
16.4261 44.6357 -0.795942 2
22.8578 57.8087 -2.18579 1
22.6477 64.1124 -2.67436 1
16.3193 35.345 -0.877355 2
22.7181 95.4351 -3.66879 1
26.9301 51.901 -1.18768 3
-18.8145 41.1534 -2.72942 2
33.385 26.6702 0.557861 2
27.1359 23.4405 -0.48686 3
30.1169 16.7162 -0.176784 3
8.75694 12.8997 0.0497846 2
36.7954 12.7186 1.33067 2
17.3006 15.2224 -0.856347 3
37.9505 11.4987 1.17283 2
54.9613 12.2167 0.533886 2
55.7194 11.5554 1.04058 2
52.05 26.1561 -0.464373 2
29.2633 -10.8842 0.183447 2
54.8236 7.24707 0.460544 3
68.6971 27.3827 -0.246755 2
27.4817 8.80715 0.380589 3
-0.704639 -7.02259 -0.537599 2
15.7378 -15.4475 0.666699 3
68.2997 13.4246 -0.14835 2
25.1563 -12.2461 0.211644 3
29.32 -26.6523 0.71816 2
-3.6399 -5.61225 -0.57086 2
-6.5065 -11.8355 -0.85107 2
27.696 -22.0444 0.97362 3
40.3566 7.63488 -0.638225 1
-1.19278 -22.0376 0.0212943 2
66.1105 -1.74911 2.61184 3
36.119 12.1614 0.817787 2
54.0118 -2.19757 -0.192784 1
18.023 -11.9001 -0.580719 1
38.7631 14.6443 0.626433 2
18.5915 -27.7756 -0.187251 1
78.4444 8.93996 0.107093 1
72.1183 7.75761 0.553647 3
81.4543 -2.71151 1.29711 3
59.848 9.04965 -0.381156 3
61.1564 -2.27885 0.0535093 1
84.3374 9.31271 1.78557 2
66.0597 -3.2416 0.851759 3
91.0356 8.90389 1.65773 3
94.4819 13.8849 1.40923 2
81.4191 7.72783 0.0991974 1
91.2389 7.45841 1.3965 3
84.0957 -1.83091 1.00606 3
102.039 8.48304 0.780613 1
112.683 13.8831 2.2199 2
98.9299 8.45491 0.713374 1
107.662 28.9137 0.700608 2
86.8253 8.42954 0.396798 1
104.358 -1.91762 0.72126 1
112.835 27.5605 1.01784 2
119.992 7.74034 2.2182 3
92.2811 -7.72163 1.21055 3
38.4975 10.8332 1.95984 2
94.0638 8.98076 0.613218 1
91.7879 -12.2981 1.13422 3
85.1878 -22.5519 1.1428 2
84.7063 -13.1496 1.57235 2
85.8109 -27.8581 0.879367 2
85.6301 -37.8938 1.3139 2
85.5821 -33.0025 1.32072 2
111.699 -1.92946 0.927841 1
107.714 7.44349 0.51862 1
120.743 33.2985 1.73267 2
130.695 14.4348 2.17031 2
87.8411 -14.2565 0.975006 1
87.0924 -8.37079 1.20001 3
122.237 8.75493 1.20036 1
107.634 7.72747 0.59868 1
112.787 7.62677 0.733252 1
81.9293 7.8019 0.26305 1
120.209 9.21252 0.960573 1
92.1088 -39.428 2.07518 3
87.8231 -44.8274 1.26814 1
114.015 7.4936 0.755148 1
94.3419 -24.4757 1.58462 2
88.168 -57.3201 1.59811 1
79.2625 -61.1442 2.66104 2
87.831 -46.2011 1.2652 1
75.0828 -55.8097 2.482 2
87.8967 -16.8559 0.658162 1
88.3322 -63.0597 1.65713 1
74.9085 -55.9876 0.548036 2
88.0377 -76.4606 2.26701 1
92.2412 -75.5049 2.78957 3
93.8721 -94.2549 3.98168 2
88.4064 -84.265 2.28291 1
87.9623 -101.844 3.19037 1
94.0105 -100.066 4.16171 2
88.2779 -111.347 4.216 3
94.6111 -111.449 4.05613 2
87.4676 -113.479 3.80417 3
72.6585 -98.9643 2.93416 2
87.3234 -119.595 3.24688 1
95.517 -106.416 3.96862 2
94.7508 -107.809 3.89664 2
88.1118 -105.765 2.69298 1
81.5147 -119.766 3.26238 1
88.0399 -78.4682 2.23173 1
93.6227 -119.718 3.36918 1
100.954 -119.525 3.54814 1
85.1029 -78.6919 3.95541 2
95.9528 -124.752 4.7851 2
86.0937 -119.925 3.26169 1
97.0939 -107.579 3.94311 3
93.6642 -113.926 4.06569 3
115.319 -123.187 5.78658 2
92.2786 -102.86 3.91582 3
66.122 -120.056 3.21454 1
63.313 -122.165 3.80727 3
84.6402 -145.169 5.24214 2
111.048 -123.966 5.61554 2
51.4408 -120.196 3.55804 1
130.254 -119.589 4.36794 1
155.977 -121.41 6.99768 3
135.406 -119.258 4.56761 1
111.43 -127.975 5.81361 2
112.162 -105.493 3.99486 2
145.335 -119.205 4.6236 1
151.222 -119.019 4.65275 1
161.67 -119.942 5.0378 1
159.943 -112.247 5.59911 3
148.712 -119.328 4.5755 1
150.826 -113.736 4.96585 3
159.134 -121.53 5.93871 3
170.675 -120.172 5.36003 1
161.312 -108.871 5.18736 2
137.518 -119.39 4.1993 1
177.416 -120.087 5.41554 1
161.513 -88.4176 5.37538 2
190.587 -121.273 6.90983 3
196.687 -120.046 6.03933 1
156.502 -143.09 6.91057 3
155.863 -99.4883 4.95709 3
154.827 -92.5338 4.46379 1
155.073 -145.638 6.10287 2
194.034 -115.089 5.71848 1
202.309 -119.642 6.05374 1
227.048 -113.11 7.99756 3
204.958 -115.079 5.99152 1
207.97 -119.567 6.19476 1
189.901 -111.312 5.66322 1
213.882 -115.039 6.21209 1
240.614 -118.737 7.38095 1
218.658 -113.17 7.11169 3
221.354 -121.952 7.70614 3
214.499 -119.955 6.31272 1
230.363 -114.699 6.70476 1
200.07 -119.92 5.96652 1
226.117 -103.121 6.74466 3
247.626 -112.488 8.23581 2
207.784 -114.944 5.83682 1
232.223 -145.702 8.54758 2
222.575 -138.504 8.33466 3
195.949 -115.039 5.68745 1
227.425 -79.4223 6.0824 1
220.049 -97.402 5.95517 1
226.044 -72.1129 6.12219 3
248.558 -118.002 7.65316 1
232.825 -114.527 6.79326 1
265.244 -118.192 7.70716 1
257.753 -118.198 7.33924 1
271.311 -117.869 7.85995 1
242.766 -118.588 7.37656 1
299.147 -111.924 9.12142 2
298.464 -123.1 10.3278 3
252.658 -120.707 8.21456 3
300.16 -120.084 9.68118 2
266.4 -124.094 8.68348 2
299.592 -130.099 10.2727 2
276.736 -118.463 7.88254 1
281.276 -118.156 7.97188 1
313.415 -119.702 9.59432 1
295.904 -109.923 8.21554 1
299.588 -135.651 9.64347 2
242.943 -112.368 8.349 2
251.11 -118.564 7.78207 1
315.16 -119.664 9.40632 1
301.558 -111.526 8.43095 1
320.703 -111.049 9.72192 2
302.886 -119.89 8.68738 1
285.95 -93.8639 7.78018 2
281.485 -99.3057 7.74931 2
295.919 -103.274 8.02625 1
308.743 -119.513 8.74879 1
278.194 -120.867 9.06052 3
290.267 -104.81 8.45696 3
290.356 -127.388 9.28442 3
296.226 -93.9379 7.72369 1
304.207 -111.907 8.49077 1
298.631 -95.6432 9.072 3
296.136 -88.3297 7.84632 1
306.925 -111.836 8.65027 1
292.41 -139.548 8.95892 1
316.949 -119.393 9.65056 1
312.687 -111.67 8.76096 1
309.982 -111.442 9.73678 2
326.956 -111.99 8.97706 1
316.955 -111.692 8.70231 1
342.708 -111.01 10.4979 2
299.423 -99.1818 8.18579 2
343.624 -119.857 10.2225 2
331.892 -111.262 10.5647 2
328.646 -112.142 9.16696 1
335.003 -111.649 9.24526 1
307.148 -110.858 8.57963 1
321.044 -120.033 10.1217 2
321.932 -129.269 10.5159 2
363.278 -119.858 11.418 2
350.572 -122.113 10.7813 3
318.147 -110.83 8.74759 1
356.693 -111.411 10.256 1
359.279 -119.173 10.2353 1
349.356 -111.782 9.64646 1
370.882 -114.302 10.5252 1
353.836 -110.656 10.9039 2
318.613 -119.56 9.31807 1
365.029 -110.915 11.1163 2
373.482 -126.818 11.6726 3
373.848 -110.83 11.2848 3
348.112 -110.398 9.60965 1
342.371 -144.693 10.4397 2
341.402 -152.968 10.6803 2
361.668 -111.478 10.1403 1
359.278 -110.628 10.1557 1
357.13 -101.848 10.2988 2
391.251 -143.618 12.7827 2
363.031 -124.36 10.6998 2
373.639 -116.326 11.0618 3
363.98 -104.735 10.6683 3
371.135 -98.7812 10.4336 1
379.45 -146.261 13.5326 2
370.973 -93.1571 10.046 1
376.718 -129.413 11.9687 3
373.851 -80.9711 10.5891 3
370.98 -84.3048 9.69451 1
364.136 -98.731 10.2861 3
367.246 -140.572 11.0698 1
365.331 -149.789 12.1827 3
394.484 -159.096 12.1577 2
365.672 -94.7843 9.84883 1
363.809 -91.5339 10.1691 2
363.931 -89.1594 9.84911 2
376.267 -170.843 14.1619 2
367.879 -156.81 11.4801 1
382.558 -133.805 11.6452 3
411.85 -146.889 12.5631 2
410.798 -156.736 12.9139 2
413.57 -137.092 12.7055 2
373.831 -154.181 11.7132 1
402.559 -135.928 12.423 3
403.88 -131.977 12.3188 3
374.951 -161.408 12.2827 1
417.763 -129.984 12.1209 2
368.058 -163.833 11.6882 1
399.413 -129.347 13.1568 2
414.753 -123.985 13.8941 2
368.039 -171.512 11.9992 1
365.388 -180.305 13.4284 3
374.059 -157.844 11.8578 1
378.229 -193.82 14.3752 2
374.433 -178.588 12.2551 1
379.043 -196.929 14.2374 2
385.809 -177.083 14.0401 2
378.389 -199.852 14.5833 2
373.6 -164.289 11.9193 1
392.237 -187.582 14.9103 2
408.039 -186.09 15.5759 2
375.754 -208.117 14.8398 2
374.671 -183.942 12.4439 1
408.94 -177.218 15.411 2
364.022 -208.189 13.7936 2
365.479 -205.432 13.7893 3
374.151 -190.014 12.6762 1
407.062 -196.549 14.4764 2
409.82 -167.14 13.775 2
384.837 -201.176 14.1323 2
416.747 -164.573 12.9499 2
375.037 -205.365 13.1613 1
376.073 -166.289 11.8997 1
374.958 -187.204 12.5802 1
368 -205.763 12.7661 1
405.614 -206.77 14.638 2
389.224 -226.134 15.3294 2
375.904 -230.078 14.9115 3
404.261 -216.635 14.0626 2
379.056 -230.162 15.3643 3
363.652 -185.184 12.836 2
367.996 -212.403 13.095 1
380.587 -230.191 15.3127 3
402.872 -226.04 15.2969 2
379.055 -239.936 15.4859 2
368.228 -221.929 13.2564 1
401.99 -236.656 15.2251 2
378.06 -246.538 15.09 2
383.674 -255.308 15.7954 2
399.389 -254.709 16.2821 2
393.848 -188.831 15.2272 2
365.379 -230.481 14.0889 3
367.968 -241.411 13.7105 1
375.566 -251.421 14.326 1
377.163 -265.329 16.0773 2
367.992 -247.612 13.8448 1
397.447 -265.716 16.4163 2
367.962 -259.527 14.0974 1
398.635 -256.805 16.7248 2
345.244 -232.116 11.5646 1
322.373 -233.24 11.4003 1
365.415 -258.322 15.0403 3
397.105 -275.501 15.6667 2
374.327 -257.978 14.361 1
350.355 -232.048 11.4595 1
374.016 -260.325 14.4876 1
375.412 -285.187 16.8162 2
374.907 -254.942 14.3843 1
368.046 -265.262 14.1945 1
368.111 -224.191 13.1166 1
374.068 -267.941 14.597 1
367.957 -276.782 14.5497 1
365.518 -284.338 16.0156 3
375.181 -272.224 14.9532 1
365.574 -275.613 15.2948 3
395.881 -286.021 17.2255 2
375.975 -310.095 17.1987 2
385.637 -280.379 16.2879 2
368.222 -305.055 15.6881 1
374.417 -258.134 14.2662 1
361.286 -264.67 14.1539 3
376.178 -262.401 14.428 1
367.95 -296.549 15.0484 1
394.083 -305.971 17.1211 2
374.8 -295.405 15.2581 1
380.176 -317.651 17.6131 2
394.82 -296.638 17.2471 2
392.729 -315.716 16.5335 2
403.678 -277.994 15.6141 3
379.806 -299.961 16.7888 2
375.753 -325.023 17.1118 2
378.09 -296.55 16.3442 2
415.758 -279.398 16.594 3
375.14 -299.323 15.4294 1
378.477 -294.141 15.8738 2
391.461 -325.935 17.8913 2
379.689 -333.192 17.9655 2
365.61 -311.499 16.5047 3
419.942 -283.914 16.5215 2
390.385 -336.098 18.1403 2
393.461 -325.407 18.3977 2
417.485 -308.318 17.2353 3
368.101 -320.698 15.7002 1
374.424 -326.544 16.117 1
368.249 -326.272 15.8668 1
401.328 -316.842 17.0774 3
389.531 -345.601 18.2909 2
396.771 -333.328 16.897 3
374.318 -335.542 16.4516 1
416.981 -313.316 17.4703 2
368.172 -335.069 15.969 1
365.477 -339.216 17.1287 3
415.477 -322.757 17.7806 2
417.634 -302.939 16.8393 2
368.012 -309.326 15.511 1
368.485 -307.058 15.6727 1
368.396 -339.927 16.1847 1
370.556 -364.361 17.9908 3
373.819 -362.932 16.8953 1
409.313 -334.796 18.381 3
368.4 -345.425 16.344 1
371.272 -373.287 18.3307 2
379.133 -350.206 17.9726 2
412.723 -349.639 18.3269 3
386.852 -364.639 18.2619 2
414.646 -332.761 17.6639 2
393.034 -371.373 18.7673 3
379.383 -382.125 18.6417 2
395.097 -315.526 19.0092 2
379.741 -373.993 17.515 1
411.152 -363.205 19.7168 2
367.976 -324.654 15.7355 1
376.078 -373.798 18.338 3
391.658 -389.083 19.6243 3
408.024 -383.083 19.0703 3
368.355 -338.065 16.037 1
379.142 -387.325 18.7324 3
403.988 -390.406 19.9271 3
413.113 -342.995 17.6585 2
405.72 -366.704 18.474 3
407.816 -380.417 19.2539 3
387.106 -408.865 19.6845 2
426.639 -364.927 19.6168 2
411.618 -353.499 18.3824 2
405.227 -402.68 19.5538 2
382.181 -380.206 17.7881 1
426.336 -374.873 19.5276 2
387.66 -413.071 19.4107 2
427.133 -351.045 18.5627 2
426.639 -384.244 19.7563 2
404.413 -377.91 18.8187 3
370.892 -394.87 19.2375 3
427.18 -389.894 19.8265 2
406.465 -393.161 19.3021 2
376.484 -411.968 19.5594 3
427.386 -394.783 19.7789 2
382.013 -395.841 18.323 1
428.077 -404.339 20.1727 2
402.096 -400.16 19.6301 3
362.127 -423.362 20.6037 2
381.468 -403.362 18.4234 1
380.819 -375.853 17.5713 1
386.131 -417.489 19.4371 3
403.941 -413.103 19.9609 2
380.728 -410.329 18.5028 1
362.817 -387.071 18.0089 1
367.914 -422.63 18.9634 2
389.743 -401.278 19.2778 3
428.786 -415.096 20.7953 2
370.269 -417.755 19.35 2
402.672 -420.809 20.0585 3
370.262 -439.991 20.3741 3
379.945 -415.92 18.7089 1
402.676 -429.35 20.3277 2
401.475 -414.792 19.828 3
426.437 -374.831 18.9001 2
370.397 -422.86 19.3202 3
357.353 -439.678 19.5515 2
427.523 -394.654 19.0554 2
400.322 -448.513 20.0587 3
381.94 -398.117 18.3364 1
347.583 -439.579 19.5557 2
347 -420.5 18.9566 2
364.384 -455.046 20.5194 2
411.815 -442.514 20.0441 1
420.549 -437.751 20.7836 3
429.733 -424.586 20.9318 2
351.445 -423.59 19.3048 3
361.53 -426.291 18.5641 1
381.636 -454.75 20.5216 3
338.3 -438.292 19.6184 2
345.546 -447.005 19.3239 3
408.247 -451.249 20.9738 3
348.467 -432.012 18.2748 1
358.186 -464.05 20.5658 2
385.636 -466.397 20.1811 3
353.92 -433.109 18.9686 3
327.654 -439.128 19.1249 2
349.868 -470.581 20.1109 2
381.265 -450.381 20.6214 3
354.663 -427.052 18.3193 1
336.938 -410.772 18.5341 2
390.942 -446.577 20.0127 3
349.631 -426.636 18.3464 1
322.86 -432.246 18.4431 1
332.669 -414.021 18.1294 2
365.49 -459.229 19.8915 3
330.52 -449.578 18.6869 2
331.595 -407.394 18.0566 2
321.749 -423.31 18.2994 3
315.247 -436.241 18.7679 2
336.56 -432.138 17.9629 1
342.579 -432.166 18.162 1
361.749 -461.039 20.8932 3
309.331 -438.99 18.6145 2
334.838 -407.083 17.7899 2
324.83 -407.036 17.1583 2
340.32 -476.583 20.354 2
320.323 -432.1 18.1934 1
311.752 -452.407 19.4369 2
337.427 -409.865 17.8837 2
323.37 -446.873 19.7221 3
302.321 -451.791 18.9716 2
311.029 -430.261 17.4168 1
318.228 -431.886 18.0702 1
289.345 -424.929 17.7176 3
294.402 -452.398 18.6999 2
299.954 -443.436 18.704 2
291.618 -429.755 17.6865 3
293.277 -440.456 17.6736 2
299.614 -412.293 17.3731 3
286.847 -400.203 17.4898 2
288.912 -415.166 16.5383 1
315.415 -435.259 18.1271 3
287.971 -416.642 17.5893 3
272.693 -394.018 17.5242 2
276.419 -398.082 16.8323 3
296.61 -409.003 16.4626 1
337.689 -437.614 20.9762 2
289.319 -400.584 16.8504 3
275.329 -405.846 16.0943 1
283.432 -433.837 17.1485 2
284.845 -412.277 16.3889 1
311.464 -453.626 20.8064 2
297.149 -403.611 16.3271 1
297.38 -398.513 16.1451 1
298.693 -391.142 17.5775 3
296.148 -392.789 15.7924 1
295.989 -387.346 15.6263 1
276.001 -388.95 16.5008 3
260.934 -382.425 16.0366 2
296.375 -400.44 16.0849 1
296.386 -381.258 15.3904 1
276.95 -411.941 17.0091 2
311.097 -450.32 21.1656 2
279.62 -388.967 16.2062 3
264.118 -381.318 15.8144 2
258.846 -394.738 15.3894 1
261.149 -407.519 16.7081 2
296.471 -405.156 16.2936 1
245.549 -386.057 15.0582 1
253.007 -391.162 15.1792 1
253.891 -397.385 15.6508 2
238.962 -395.096 15.2162 2
238.181 -381.05 14.5931 1
233.99 -378.263 14.4414 1
225.065 -372.521 14.1099 1
228.826 -381.831 15.1566 2
232.325 -382.891 15.4297 2
239.395 -388.084 15.6428 2
220.19 -362.809 13.6471 1
243.145 -384.524 14.823 1
222.704 -377.35 14.4776 2
200.753 -356.242 13.0807 1
217.358 -372.41 14.4999 2
207.101 -372.847 14.7423 2
214.243 -370.04 14.3879 2
214.121 -372.614 14.2245 2
204.449 -349.918 14.0925 3
195.401 -333.33 12.465 2
177.389 -340.677 12.3995 1
181.605 -334.581 13.3838 3
201.213 -335.282 12.784 1
182.089 -330.627 13.5155 2
186.109 -349.915 13.5929 2
220.924 -358.067 15.4817 2
193.451 -357.418 13.5257 2
181.697 -348.91 13.4496 2
176.716 -354.368 13.6952 2
178.292 -352.166 12.395 2
176.126 -354.169 11.6674 2
184.222 -350.941 13.0414 2
173.36 -344.462 13.4395 2
163.301 -325.032 11.5551 1
168.869 -343.18 12.8565 2
155.748 -317.502 12.3396 3
180.341 -325.122 11.3917 1
153.886 -330.941 11.8778 2
161.82 -335.593 12.8604 2
151.88 -317.552 11.2493 1
168.716 -339.978 12.3757 2
194.597 -326.811 12.4485 2
148.21 -336.223 12.8259 2
148.265 -336.263 10.9687 2
144.538 -318.67 11.2082 1
146.995 -314.263 10.967 1
149.682 -306.738 11.9007 2
152.099 -303.422 11.8577 2
138.498 -308.446 10.5486 1
136.883 -313.251 10.6793 1
154.902 -306.364 11.8716 2
127.055 -306.566 10.4101 1
125.017 -311.248 11.5836 2
125.245 -344.056 10.8932 2
108.066 -331.576 11.03 2
112.296 -336.154 11.2248 2
113.365 -335.925 9.94057 2
161.679 -323.911 11.4131 1
129.046 -313.363 11.0562 2
118.148 -339.614 10.1822 2
132.087 -301.496 10.8232 3
126.513 -313.708 10.7373 2
122.534 -309.802 11.1332 2
109.869 -286.603 10.2519 3
118.914 -307.465 11.2 2
118.073 -339.399 12.8455 2
120.233 -344.871 12.0947 2
102.062 -290.252 9.34436 1
113.968 -304.685 10.7936 2
102.766 -309.85 9.78751 2
104.971 -300.764 10.3146 2
98.5186 -293.383 10.8742 2
96.6224 -293.932 9.43852 2
101.331 -308.902 11.3684 2
104.729 -310.231 11.089 2
99.4932 -295.837 9.28907 2
91.9943 -290.368 10.019 2
88.4523 -280.888 8.89201 1
94.0347 -293.273 9.29617 2
73.5337 -313.271 10.944 2
73.1742 -313.488 8.55881 2
75.6092 -317.013 9.82458 2
83.9049 -315.259 11.3164 2
84.0955 -315.622 9.08068 2
72.4296 -303.458 8.15186 2
95.5935 -270.157 8.73898 1
83.07 -277.169 8.67233 1
70.4742 -268.94 8.19741 1
88.9068 -243.795 8.6617 2
91.8156 -274.501 8.87009 3
77.3299 -279.886 9.24941 2
72.7374 -303.62 10.6372 2
73.9256 -278.391 8.7005 2
56.1916 -259.423 7.45573 1
84.6969 -261.865 8.43333 1
84.7662 -263.915 8.31709 1
33.3094 -244.332 7.57482 2
87.2037 -262.48 8.41178 1
46.8784 -240.483 7.46047 2
41.137 -255.421 8.04287 3
38.4718 -236.266 6.89605 1
39.6504 -284.053 7.0672 2
44.905 -263.234 7.13446 2
51.424 -264.613 7.55154 2
43.8284 -283.666 9.14574 2
20.483 -252.592 8.00395 3
30.6738 -237.804 7.53971 3
42.9893 -229.774 7.08684 3
50.2949 -228.951 7.55678 2
68.7549 -267.749 8.13776 1
52.9376 -228.222 7.0811 2
50.6976 -220.339 7.31065 2
17.5695 -230.951 7.10815 3
10.5561 -251.588 7.82244 2
6.42152 -213.232 6.55292 2
25.3623 -217.916 6.23759 1
29.1177 -225.51 7.2538 2
30.5059 -228.422 7.27747 3
17.0761 -203.932 7.28346 3
10.3576 -232.175 7.15937 3
63.5252 -235.914 7.12747 1
0.609938 -219.184 4.86542 2
-6.10225 -234.503 6.74566 3
24.9355 -200.796 5.86817 1
41.2567 -255.13 11.0404 3
69.9068 -235.602 7.30736 1
80.3428 -235.562 7.13797 1
39.842 -235.84 6.57163 1
86.5981 -235.254 7.34988 1
97.2916 -235.31 7.25413 1
91.8211 -229.871 7.61006 3
102.575 -235.466 7.39218 1
65.7304 -235.56 7.24008 1
91.8597 -237.671 8.21291 3
94.1512 -226.967 7.36622 2
109.436 -235.016 7.33394 1
95.3253 -218.374 6.94006 2
114.582 -235.223 7.55201 1
72.4876 -235.774 7.08151 1
120.374 -235.639 7.96325 1
151.355 -228.009 9.35983 2
153.702 -227.127 9.25511 2
126.011 -234.967 7.88999 1
116.434 -245.558 8.72624 2
122.183 -242.948 8.18727 2
131.819 -235 7.95173 1
136.909 -234.987 8.07618 1
147.223 -234.958 8.26293 1
148.556 -239.819 10.0762 2
142.492 -229.055 9.36843 3
153.815 -234.902 8.3393 1
153.66 -243.581 9.89789 2
169.758 -229.076 9.9676 3
159.121 -229.477 9.22571 3
159.438 -237.364 9.74167 3
160.792 -235.224 8.65336 1
151.401 -218.317 8.08669 2
161.643 -219.806 8.9323 2
165.271 -215.624 8.8489 2
170.655 -234.988 8.71129 1
156.422 -254.225 10.124 3
165.424 -234.837 8.52526 1
176.724 -235 8.92651 1
196.631 -234.902 10.1915 1
165.427 -224.161 8.73748 2
163.275 -226.728 8.37129 2
186.833 -235.037 9.18631 1
182.842 -226.51 9.83967 2
181.609 -234.819 8.91053 1
198.653 -234.946 10.0986 1
189.283 -234.995 9.19812 1
181.635 -248.215 11.2235 2
168.781 -235.093 8.64747 1
194.352 -225.022 9.7031 2
187.263 -218.131 8.9243 2
192.451 -234.575 9.11315 1
190.687 -239.194 9.8735 2
211.142 -234.615 9.45678 1
219.266 -234.751 9.70498 1
192.434 -251.095 10.3219 2
206.144 -234.727 9.43531 1
232.735 -242.638 11.5197 2
226.627 -236.132 11.0317 3
216.255 -241.746 10.9213 2
235.604 -234.741 9.9662 1
254.487 -234.684 10.9231 1
223.313 -253.563 11.8494 3
245.967 -234.495 10.2799 1
264.125 -224.953 11.9862 2
201.777 -234.843 10.2815 1
231.978 -240.721 11.2693 2
228.421 -236.931 10.4583 3
250.358 -235.248 10.7133 3
270.438 -234.341 10.8067 1
259.933 -234.095 10.5551 1
223.536 -228.776 10.9212 3
237.581 -234.786 10.0952 1
278.401 -228.577 12.4036 3
299.334 -233.154 12.6554 3
276.268 -234.081 10.9488 1
261.613 -218.631 10.7047 2
281.353 -239.525 12.1086 2
259.619 -238.516 11.8433 2
248.625 -228.53 11.6788 3
282.934 -228.751 11.154 3
318.834 -238.271 12.6323 3
278.068 -234.014 10.8938 1
291.104 -226.293 11.0052 1
281.67 -225.847 10.9417 2
263.343 -222.167 10.9524 2
290.469 -244.426 12.5832 3
282.342 -253.248 13.5277 2
281.647 -211.148 10.6552 2
298.247 -264.822 13.6321 3
281.661 -252.922 11.6307 2
300.35 -215.209 11.9639 2
281.86 -184.271 11.0166 2
298.852 -207.718 11.6604 3
284.379 -279.347 12.3402 3
292.87 -217.121 10.8145 1
300.434 -185.778 11.6916 2
280.916 -221.261 10.9747 1
329.157 -249.984 14.3919 2
292.68 -197.115 10.2353 1
290.923 -251.374 11.9418 3
318.467 -230.477 12.5982 2
307.934 -229.916 11.1986 1
320.031 -233.224 11.5468 1
298.774 -178.82 10.8634 3
293.123 -189.068 10.0259 1
292.921 -179.181 9.75952 1
299.905 -176.858 10.762 2
292.905 -173.496 9.62101 1
292.759 -214.966 10.6003 1
300.381 -170.757 10.8334 2
292.796 -168.48 9.50805 1
292.973 -162.774 9.3936 1
299.66 -136.011 9.56538 2
299.678 -130.354 10.0532 2
292.842 -151.974 9.08029 1
293.138 -194.636 10.1988 1
292.982 -157.172 9.18661 1
298.5 -123.004 9.52944 3
292.727 -140.71 8.85862 1
292.919 -146.349 8.92944 1
299.32 -112.016 8.95757 2
300.31 -120.481 9.47608 2
290.365 -127.506 8.78201 3
296.247 -110.915 8.16843 1
301.746 -111.131 8.33928 1
283.065 -118.67 8.06681 1
303.814 -110.914 8.3582 1
278.292 -120.993 9.2109 3
306.819 -111.683 8.5503 1
302.266 -120.162 8.64379 1
290.298 -105.022 8.1996 3
310.086 -111.532 9.21869 2
248.751 -112.323 8.6386 2
298.668 -95.8043 8.90807 3
312.724 -111.473 8.74964 1
308.7 -120.162 8.83143 1
313.539 -119.799 9.81483 1
320.737 -111.151 9.71426 2
281.64 -99.4652 7.90934 2
315.542 -119.703 9.47782 1
342.651 -111.056 10.426 2
315.587 -111.332 8.61002 1
317.78 -111.728 8.6612 1
343.614 -120.06 10.2483 2
295.896 -103.156 7.92339 1
277.621 -118.657 7.9048 1
326.525 -111.071 8.73597 1
272.308 -118.02 7.9763 1
295.934 -86.9033 7.57381 1
296.189 -93.8291 7.73903 1
292.671 -138.617 8.76323 1
266.157 -118.106 7.72414 1
299.466 -99.2013 7.96165 2
250.795 -118.545 7.97496 1
295.848 -76.3905 7.459 1
295.658 -81.9704 7.37304 1
285.981 -93.7458 8.14177 2
266.627 -124.173 9.05762 2
295.878 -58.5657 6.76884 1
295.8 -68.2485 7.01252 1
298.674 -42.574 7.68092 3
299.343 -39.0014 7.09064 2
295.695 -51.7645 6.57639 1
298.558 -69.1484 7.86849 3
296.084 -35.8097 6.76779 1
295.965 -42.7406 6.28253 1
281.792 -54.3855 6.94647 2
299.986 -31.9645 6.77194 3
290.467 -9.64507 6.17804 3
295.882 -23.9568 5.91667 1
295.879 -74 7.33748 1
298.653 -14.0742 6.96691 3
287.842 -9.34159 5.8973 1
297.767 -9.62854 6.6149 3
286.657 -32.1951 6.32611 2
283.246 -31.5904 6.18872 2
281.811 -26.3693 5.99012 2
296.135 -21.6692 5.71185 1
296.026 -19.8626 5.77525 1
305.926 14.5852 6.77531 2
281.728 -21.1531 5.77173 2
310.194 8.89919 6.7441 3
295.978 -41.0024 6.1903 1
274.663 8.7858 5.34586 3
281.938 -9.0739 5.4296 1
314.288 24.5473 6.4226 2
286.471 -16.7718 5.62592 1
292.027 20.3026 5.09102 1
278.636 16.2469 5.54394 2
283.271 8.23298 5.16701 3
290.488 -24.7131 6.66475 3
289.987 16.2614 5.5281 3
308.853 -5.8481 7.31213 3
312.397 -2.58991 5.84206 1
280.161 10.7489 4.74568 1
296.107 -33.2655 6.51034 1
304.298 34.8595 5.66569 2
300.146 14.6567 5.8542 3
320.838 -2.45217 5.93979 1
286.272 18.7308 5.415 2
300.103 29.3793 5.89554 3
286.238 12.4147 5.86311 3
287.033 -6.43396 5.99743 1
277.443 9.08143 4.70971 1
283.279 -0.561823 5.4812 3
272.956 10.2626 4.68101 1
263.321 16.2352 5.85901 2
297.272 18.4955 4.96523 1
326.617 -6.04002 6.47278 3
265.247 9.97656 4.51286 1
262.45 10.8726 5.27304 1
278.925 -0.67501 5.00739 1
300.14 35.9828 6.04396 2
281.307 -2.16767 5.84499 3
336.428 19.2594 5.64532 2
290.449 -9.61884 5.50179 3
292.407 22.3813 4.94733 1
278.048 9.24143 4.675 1
269.382 9.36607 4.64058 1
267.563 -0.611627 4.69693 1
330.925 29.3616 5.50009 2
253.813 -2.31117 5.05378 3
290.428 -9.59336 6.01623 3
346.521 9.12612 7.30518 3
335.543 -1.70625 6.32401 1
346.445 17.0426 6.47885 2
297.956 24.3329 4.74017 1
292.407 26.6661 4.48142 1
324.819 -2.33522 6.07509 1
345.081 32.3363 6.14332 2
343.771 10.5597 5.9317 1
297.558 22.0132 4.78951 1
297.505 20.2494 4.7639 1
