4.31214 23.7205 -0.259859 2
18.5342 -43.8847 -0.85893 2
26.869 14.2797 -0.758667 2
11.521 13.4793 -0.299879 2
11.4254 -35.6658 -1.30592 2
4.45617 -29.8606 -1.54826 3
9.43864 -11.746 -1.41124 3
38.9133 10.1996 -0.205791 3
-3.93234 -3.22236 -0.883052 3
7.69162 -36.073 -0.387001 3
9.65321 10.9933 -0.255486 3
-25.846 -17.8336 -1.45114 3
9.41864 1.21421 -0.428376 3
-4.22929 7.68299 -0.415278 3
9.45048 -11.678 0.0525322 3
28.5168 23.6496 -1.51633 2
27.5675 30.2125 -1.2338 3
-10.7694 18.8981 0.694581 2
-12.6252 15.6443 0.734435 3
-6.46947 -60.0744 -0.251431 3
-17.0396 -77.8353 0.656773 3
-20.9374 -84.0794 1.43217 3
-30.0632 -105.733 1.18992 3
-35.89 -131.305 2.5945 3
-21.7449 -112.312 0.53661 1
-33.4339 -119.26 2.45724 3
-26.1027 -110.017 0.685074 1
-22.8631 -113.584 0.593925 1
-38.1562 -155.344 3.05439 3
-34.838 -179.17 5.70618 3
-55.7726 -173.775 5.21978 3
-35.3587 -165.027 3.85912 1
-34.9311 -179.33 3.56609 3
-31.4035 -210.844 5.68911 2
-35.8538 -193.44 5.08452 3
-26.1356 -202.399 6.15921 3
-38.7375 -188.949 3.76086 1
-26.4836 -202.265 4.446 3
-29.5151 -206.129 3.49509 1
-17.8678 -223.729 4.37086 3
-54.3582 -206.731 4.83945 3
-44.5681 -199.247 4.3254 3
-55.9502 -207.532 1.91946 3
-22.6472 -180.291 4.52247 3
-54.3473 -206.885 5.44426 3
-29.4592 -216.26 3.15153 1
-31.0002 -209.919 4.38524 2
-28.4244 -208.705 3.31349 1
0.970363 -269.902 0.197944 1
0.0650468 -259.275 0.0196189 1
-5.66193 -245.533 0.877591 1
6.14145 -253.387 1.11482 2
9.6948 -273.903 0.259463 3
-4.70541 -265.252 -0.0500521 1
14.3619 -276.588 -0.895228 2
10.2866 -251.164 1.19839 2
-5.77132 -267.45 -0.417269 1
25.7137 -294.012 -1.65603 2
24.1499 -289.762 -1.98087 1
23.7374 -294.277 -1.56684 3
16.578 -300.046 -1.87752 1
23.7785 -286.315 -1.87224 1
29.2608 -296.674 -2.37479 1
1.74138 -255.632 0.921889 2
16.9607 -305.465 -0.766688 2
22.3615 -275.387 -1.34377 3
19.5973 -277.548 -1.19151 3
2.61299 -272.337 -0.0948785 1
41.3724 -314.407 -3.59518 1
32.2661 -301.252 -2.51114 2
13.8546 -299.295 -1.77517 1
46.1655 -319.225 -3.90963 1
58.4533 -340.119 -4.3185 3
44.8562 -336.018 -3.40566 2
55.8072 -325.731 -4.71358 1
62.7503 -325.487 -4.24865 1
44.3711 -341.128 -3.50113 2
48.3982 -342.229 -4.7697 1
77.8162 -365.038 -6.48099 3
44.6309 -317.621 -3.84122 1
55.1852 -351.353 -5.55346 1
92.5305 -360.364 -7.05475 1
94.1498 -387.874 -9.86644 1
96.7801 -392.799 -9.84853 3
103.724 -409.539 -13.1856 1
105.267 -382.511 -9.70063 1
99.5754 -385.256 -9.90249 3
117.065 -408.621 -13.8236 1
113.104 -437.46 -15.8364 3
117.382 -438.565 -15.7584 1
92.3079 -442.215 -13.9177 3
102.04 -437.193 -15.2013 1
84.6581 -435.532 -14.3049 1
70.8528 -429.108 -11.5577 3
97.1956 -433.455 -14.9521 1
116.479 -444.01 -15.8322 2
71.3541 -426.382 -13.5691 1
103.944 -412.857 -13.9179 1
92.3598 -430.309 -14.5097 1
113.447 -468.565 -14.9175 3
89.2354 -456.72 -13.4974 1
124.806 -434.923 -16.0051 1
121.291 -462.324 -15.263 3
109.335 -462.366 -14.6016 3
127.119 -454.94 -15.7956 2
116.674 -448.214 -15.9251 3
122.397 -448.675 -14.8054 3
98.4397 -435.51 -15.0273 1
128.557 -493 -14.8512 3
120.747 -480.286 -14.7664 3
112.615 -446.357 -14.4086 3
144.816 -495.926 -14.8729 2
130.329 -477.266 -15.2411 3
144.655 -492.464 -14.8183 3
144.832 -500.345 -14.8051 2
147.736 -492.498 -15.214 2
152.584 -492.09 -15.6509 2
136.889 -482.345 -15.5413 3
159.387 -494.567 -15.7527 2
144.047 -509.593 -13.7923 2
149.973 -511.446 -14.1749 2
116.495 -452.106 -15.2121 3
142.999 -480.821 -15.8288 2
160.772 -503.295 -14.7625 2
166.097 -493.848 -15.9788 2
153.621 -508.343 -14.7378 3
155.892 -513.636 -14.1399 2
151.016 -479.557 -16.7267 1
162.374 -481.124 -15.7652 2
142.343 -508.546 -14.6861 3
160.843 -515.248 -14.305 2
168.973 -473.038 -17.0668 2
157.218 -475.001 -16.0143 3
113.939 -490.054 -13.8691 1
157.475 -461.214 -15.4021 2
165.32 -470.688 -16.6385 2
167.919 -491.189 -16.8019 3
145.999 -507.8 -14.7968 3
130.336 -517.066 -13.3965 3
179.818 -521.471 -14.6456 2
125.831 -549.419 -10.2036 3
140.614 -535.311 -11.7012 2
166.86 -488.958 -17.3221 1
127.5 -553.613 -10.5344 1
135.936 -555.712 -10.0252 2
165.762 -531.397 -12.6589 2
166.56 -526.681 -13.305 2
153.916 -525.192 -12.9928 2
181.313 -518.891 -14.0272 2
164.252 -521.782 -13.3215 2
137.245 -550.115 -10.3757 3
170.367 -534.626 -12.9657 2
135.497 -557.835 -10.2682 3
161.67 -520.892 -13.5514 2
122.442 -582.391 -7.46159 2
135.487 -562.924 -9.70716 3
123.045 -576.461 -8.92026 1
127.161 -556.05 -10.4137 1
128.778 -602.238 -5.78974 2
122.447 -581.449 -7.6938 3
120.502 -588.779 -6.8765 3
118.246 -612.804 -4.91658 2
115.953 -629.06 -3.07374 2
124.796 -632.191 -3.3956 2
123.146 -641.769 -2.78977 2
113.652 -645.137 -1.81118 2
115.091 -627.503 -3.57519 3
111.679 -660.005 -0.248245 2
124.51 -656.105 -1.43286 2
109.61 -666.061 -0.332921 3
137.79 -660.269 -3.25844 1
122.059 -675.297 -0.19884 2
138.928 -653.83 -3.73832 1
107.629 -687.681 1.52454 2
104.004 -665.635 0.176848 3
108.206 -686.428 1.1044 3
139.443 -651.507 -3.58115 1
115.3 -697.123 1.82548 2
102.732 -662.875 0.0579677 2
129.061 -666.619 -2.23472 1
119.9 -666.118 -1.14105 2
104.693 -676.865 0.491052 3
113.502 -711.238 3.09607 2
94.4885 -671.301 1.31688 3
107.739 -691.737 0.828951 1
114.208 -701.814 1.37761 1
105.06 -698.987 2.23556 3
112.408 -718.57 3.87975 2
122.419 -673.706 -0.564786 2
90.2644 -667.396 1.96595 3
104.806 -706.597 2.87209 2
103.445 -718.28 4.07447 2
82.4043 -649.577 2.23851 3
68.2207 -630.041 4.64914 3
77.0493 -633.43 2.65581 3
57.8029 -616.684 4.83146 3
66.1386 -636.79 3.30637 1
53.2516 -610.799 4.61792 3
39.4657 -588.196 4.59146 1
36.5981 -591.142 5.74142 3
28.6505 -585.036 6.86415 2
33.0019 -582.42 5.13176 1
26.2725 -596.014 6.25021 1
17.1199 -574.261 7.22038 3
-2.52991 -557.281 9.04975 3
38.1096 -587.009 4.5828 1
10.8472 -572.828 7.10854 1
12.1807 -574.975 7.14174 1
21.3863 -552.365 6.34909 1
19.2541 -550.583 5.68254 1
16.8386 -556.321 5.96136 1
-18.7835 -535.696 11.2629 1
-31.3529 -526.536 13.4137 3
-23.6683 -541.076 11.7868 3
-33.417 -531.162 13.0672 1
-16.1331 -534.093 11.3691 2
