-43.1543 3.03196 -0.861587 3
22.0896 20.1352 0.696379 3
-3.35557 -26.5291 -1.79977 3
2.06007 -13.8978 -1.31628 3
-3.92795 -23.3352 -1.7684 3
-0.877089 -24.4887 -1.60462 3
20.0543 20.3417 0.585926 3
2.0489 5.72736 -0.576952 3
7.52804 -5.86404 -1.05026 3
43.2429 -15.4008 1.39305 3
44.9433 -15.6368 1.73476 3
18.9579 -29.4651 -0.81769 3
30.7251 -92.8327 1.04663 3
34.0698 -75.6644 0.9053 3
8.08723 -94.4913 -1.69086 3
-2.21656 -128.657 -1.62929 3
4.1255 -111.349 -1.89739 3
-1.05422 -131.603 -2.00895 3
22.6424 -125.934 -0.463725 3
17.3403 -146.241 -0.541866 3
7.5793 -176.192 -0.168617 3
0.835099 -198.923 0.355342 3
-8.41383 -223.953 0.699895 3
-34.7874 -279.871 -0.00936502 3
-19.429 -263.613 0.464076 3
-69.2808 -266.551 -3.03506 3
-47.2623 -251.71 -2.5699 3
-31.7162 -269.388 -0.886192 3
-63.9271 -277.429 -1.97805 3
-7.91944 -284.759 0.623145 3
-33.697 -280.685 0.205826 3
-68.5101 -288.843 -2.04604 3
-84.3368 -272.729 -3.00618 3
-109.35 -389.112 -2.19905 3
-157.393 -340.079 -8.55182 3
-149.085 -340.838 -8.02111 3
-114.316 -395.686 -1.65916 3
-150.317 -341.086 -5.89974 3
-141.564 -313.789 -5.25416 3
-157.012 -340.266 -10.9035 3
-132.325 -315.558 -3.71524 3
-131.271 -319.977 -9.36889 3
-130.957 -315.372 -7.72133 3
-118.091 -382.236 -2.39296 3
-187.194 -446.624 -4.81485 3
-178.115 -456.144 -5.23682 3
-191.299 -472.672 -5.47912 3
-205.326 -512.58 -5.78126 3
-250.714 -565.223 -9.21199 3
-254.794 -530.514 -9.36115 3
-260.46 -556.741 -9.15821 3
-280.826 -521.608 -19.2939 3
-287.295 -529.592 -19.4976 3
-321.664 -573.04 -21.4371 3
-307.829 -555.519 -21.0344 3
-328.775 -582.29 -22.1133 3
-336.036 -591.079 -22.4375 3
-356.829 -617.084 -23.8286 3
-363.975 -626.573 -24.2646 3
-377.34 -643.664 -25.0265 3
-349.678 -608.16 -23.5726 3
-370.537 -634.709 -24.9513 3
-393.04 -698.728 -18.8618 3
-413.343 -791.138 -20.3162 2
-408.399 -763.468 -20.1508 3
-419.636 -801.781 -21.2707 2
-408.777 -803.468 -19.9037 2
-414.127 -812.27 -20.3964 2
-457.801 -741.563 -31.7668 3
-403.426 -813.564 -19.8841 2
-424.893 -812.087 -20.9102 2
-451.599 -733.61 -31.2826 3
-464.676 -750.722 -31.9724 3
-470.981 -758.756 -32.4379 3
-450.37 -820.024 -23.2045 3
-484.646 -776.651 -33.3235 3
-491.489 -785.616 -33.7677 3
-498.223 -794.343 -34.173 3
-510.615 -852.831 -26.4255 3
-504.289 -847.564 -25.9285 3
-572.776 -995.031 -33.0136 3
-591.346 -970.586 -33.2609 3
-634.912 -988.699 -41.5953 3
-626.17 -971.914 -43.0081 3
-642.121 -996.081 -44.8412 2
-634.844 -988.868 -43.7949 3
-647.66 -1025.14 -40.2456 3
-617.102 -1033.98 -36.2595 3
-648.808 -1044.23 -39.2484 2
-633.168 -1033.3 -38.1971 3
-605.779 -1041.94 -35.8949 3
-659.67 -1044.14 -40.2579 2
-654.886 -1053.58 -39.6852 2
-666.531 -1054.4 -41.1148 2
-661.249 -1063.63 -40.8378 2
-669.632 -1044.12 -41.2039 2
-649.677 -1114.57 -40.1872 3
-666.026 -1085.93 -41.4218 3
-698.209 -1135.89 -44.7238 3
-685.792 -1142.89 -43.8495 3
-780.349 -1184.81 -54.5714 2
-764.374 -1187.07 -53.6355 2
-756.303 -1188.56 -52.3118 3
-771.437 -1191.41 -54.3486 2
-768.111 -1173.9 -54.2372 2
-701.303 -1195 -47.2386 3
-794.314 -1170.86 -55.2936 2
-786.383 -1171.6 -55.1463 2
-778.562 -1213 -55.2139 2
-783.199 -1230.31 -54.8185 3
-767.313 -1205.21 -54.4033 2
-791.815 -1186.73 -55.7668 2
-779.416 -1162.3 -54.7523 2
-782.673 -1193.64 -55.0821 2
-794.928 -1232.93 -56.91 2
-778.233 -1160.42 -54.7191 2
-766.839 -1197.81 -54.0194 2
-765.563 -1180.18 -54.0837 2
-776.769 -1229.29 -55.7061 2
-757.262 -1188.89 -49.8517 3
-769.88 -1225.29 -55.1247 2
-794.376 -1245.4 -56.6922 2
-802.536 -1241.53 -57.2411 2
-797.37 -1258.52 -56.9233 2
-808.162 -1248.72 -56.8437 2
-816.325 -1280.71 -57.3833 3
-783.821 -1230.55 -53.9905 3
-784.011 -1230.62 -51.9399 3
-804.175 -1350.72 -56.8337 3
-790.701 -1357.67 -56.6325 3
-864.334 -1428.63 -61.6237 3
-869.889 -1446.56 -60.9289 3
-868.068 -1447.3 -60.5364 3
-873.42 -1450.92 -61.1535 2
-846.461 -1462.06 -60.5102 3
-901.055 -1457.79 -63.7943 2
-877.945 -1448.11 -62.7056 3
-890.684 -1452.32 -63.5596 3
-914.072 -1457.8 -64.6969 2
-845.3 -1468.25 -61.2295 3
-905.59 -1464.94 -64.1405 2
-893.884 -1468.03 -63.4565 2
-894.406 -1501.84 -62.5864 3
-871.445 -1446.03 -60.2006 3
-902.032 -1500.25 -63.5147 3
-872.646 -1525.73 -61.4878 3
-875.112 -1524.5 -61.7101 3
-895.36 -1496.04 -63.5658 3
-881.435 -1533.64 -63.0606 3
-872.692 -1525.88 -61.3628 3
-930.958 -1576.2 -65.1064 3
-1006.39 -1802.45 -75.077 3
-1019.22 -1795.99 -75.169 3
-1038.71 -1799.5 -76.551 3
-1048.69 -1823.08 -77.1487 3
-1047.86 -1823.57 -77.4439 3
-1053.74 -1828.38 -77.9306 2
-1065.26 -1832.63 -79.4334 2
-1046.68 -1823.98 -77.7721 3
-1068.19 -1844.6 -80.1509 2
-1079.54 -1834.73 -80.8854 2
-1076.45 -1856.98 -81.1687 2
-1084.76 -1844.22 -81.664 2
-1045.47 -1823.05 -77.2526 3
-1051.92 -1823.23 -77.4116 3
-1093.57 -1834.33 -82.2658 2
-1085.18 -1849.55 -82.0009 2
-1132.98 -1698.6 -87.1067 3
-1131.4 -1680.85 -86.838 3
-1143.6 -1679.78 -86.8277 2
-1089.94 -1652.2 -82.6503 3
-1062.11 -1636.75 -79.9764 3
-1043.72 -1670.23 -79.6777 3
