4.92348 -18.6524 -0.80705 1
20.7698 -1.03171 -0.729284 1
-18.9088 -3.86293 -1.32881 1
-13.7945 1.97623 -1.25891 1
7.7892 14.0575 -0.873449 1
10.2717 -16.3499 -0.806196 1
4.01255 -8.30341 -0.873652 1
30.2191 0.573945 0.0963468 1
14.1505 4.34872 -0.897599 1
2.09917 10.8937 -0.501497 1
-11.6202 6.62256 -0.668783 2
-12.6447 9.85951 -0.457362 2
34.9715 7.9525 0.144082 3
12.3197 -33.1196 0.139522 3
-36.4591 2.15872 -0.180432 3
0.57127 5.59838 -0.81018 3
10.2928 -9.35805 -0.235888 3
10.7501 5.88576 -0.39212 3
-13.3345 4.01334 -0.571683 3
3.17135 -5.37942 -0.987881 3
25.6158 -0.125019 -0.511464 1
-28.1185 0.645837 -1.55572 1
-2.69173 7.40668 -0.492511 2
5.40709 -23.3409 0.0865965 1
-4.71697 -2.79303 -0.859024 1
10.4559 -22.0049 -0.402689 1
2.83364 13.0375 -0.019136 1
7.03494 20.1946 -0.962575 1
8.41906 29.07 0.334837 3
5.67287 36.2867 -1.17172 1
32.4671 1.02294 -0.00215816 1
2.31343 24.3248 -0.974949 1
41.4234 1.89468 -0.0581259 1
3.03735 14.4795 -1.02933 1
5.52268 -25.5284 -0.253552 1
6.3093 56.318 0.516205 3
1.57489 28.6334 -1.09612 1
0.431234 38.7229 -1.15322 1
-1.18448 57.5004 -0.702886 1
3.10672 7.57426 -1.07589 1
3.86944 57.456 -1.12205 1
9.19357 51.6427 -0.827976 1
3.47836 64.2671 -1.15555 1
3.83155 86.263 0.00756099 3
-1.94537 70.3143 -1.25149 1
1.63643 83.9178 -1.26336 1
5.99163 79.5025 -0.438014 3
-1.61263 64.7069 -1.18938 1
-1.37898 59.4917 -0.92522 1
11.3087 79.1665 -1.21587 1
19.2895 82.3958 -0.263599 3
-4.41594 97.1632 -1.48623 1
5.55173 38.9732 -1.1662 1
14.0709 73.7537 -1.25145 1
36.5776 81.5785 -0.480646 1
-5.95067 113.514 -0.28761 1
31.2818 80.6299 -1.12503 1
1.43356 94.2982 -1.47874 1
24.5444 75.2393 -1.20227 1
-4.57502 103.591 -1.4675 1
-6.283 115.705 0.356957 1
31.2165 72.9036 -0.0109901 2
47.7734 76.1444 -0.578807 3
50.5177 77.0084 -0.911618 1
38.8311 66.7125 -1.64198 3
38.6699 66.4575 0.187431 3
54.7584 82.5188 -0.887354 1
56.9703 77.7422 -0.808076 1
64.0648 78.1364 -0.559734 1
71.2557 84.35 -0.525866 1
75.4971 79.5143 -0.400945 1
43.4529 84.3883 -0.905653 3
52.8969 77.6872 -0.93375 1
70.1601 78.8359 -0.712364 1
69.1566 86.5169 -0.525022 3
80.6184 81.0421 -0.611841 1
39.8732 81.7453 -0.574361 1
78.2269 80.1069 -0.477162 1
78.6391 85.3309 -0.618557 1
84.0741 86.8985 -0.378228 1
66.1552 78.2127 -0.857233 1
57.1187 82.9596 -0.873988 1
59.0981 78.0455 -0.954992 1
116.658 105.276 0.269188 3
90.4424 91.8244 -0.457595 3
73.6848 79.1788 -0.552288 1
112.629 94.6461 -0.349895 1
132.694 103.171 1.10078 3
82.5518 81.1961 -0.663663 1
74.3674 79.6978 -0.567315 1
127.262 99.1996 -0.220265 1
116.655 122.068 0.440949 3
148.919 84.2097 1.0865 3
101.584 129.083 -0.592523 1
84.3693 160.038 0.0647975 3
80.8312 153.898 -0.921564 1
86.3707 165.015 -0.157387 2
72.9751 177.006 -0.84552 2
82.3762 175.554 -0.0231176 2
67.6516 179.826 -0.911668 2
65.814 170.783 -1.19744 1
63.7557 195.356 -1.21381 2
62.2434 176.045 -1.26659 1
50.6117 198.568 -0.450128 3
52.0572 201.905 -0.850356 2
73.7009 201.863 -0.685239 2
61.5311 208.872 -1.40967 2
53.0431 216.977 -1.2451 2
51.2505 184.287 -0.173313 3
67.3527 221.642 -1.10924 2
69.975 215.487 -1.68057 2
57.7377 221.854 -1.42504 2
43.446 197.805 -1.60682 1
41.5777 188.867 -0.477496 3
51.0322 223.501 -2.3008 2
45.5176 182.28 -1.0025 1
66.6458 229.196 -1.62199 2
38.3424 183.215 -1.51332 1
38.2217 176.173 -1.32952 1
7.38781 163.242 -0.795904 2
38.2237 202.545 -1.56592 1
32.5329 209.735 -1.62033 1
33.0339 172.175 -1.53295 1
42.9956 173.114 -2.10452 1
22.6815 172.697 -1.06935 3
23.8956 181.188 -1.09195 2
12.5871 154.352 -1.67898 1
7.89455 150.706 -1.7225 1
42.7523 180.479 -1.57896 1
9.89275 152.19 -1.69166 1
2.85103 156.944 -1.17289 3
-2.37804 138.686 -1.74953 1
-5.98136 117.77 -1.074 1
2.76982 133.332 -1.07232 2
-21.1531 148.058 -2.00619 1
-5.97012 156.156 -1.43794 3
6.7044 140.195 -0.896979 2
-20.6527 155.125 -1.66588 3
-17.442 145.706 -1.27141 3
2.8858 128.556 -1.12494 1
-29.6739 152.365 -1.98883 1
-40.2646 151.681 -1.22365 1
-8.69308 136.906 -1.19336 3
-6.1411 123.628 -1.82626 1
-7.2219 131 -1.75922 1
8.3741 134.313 -1.14554 2
-26.9735 147.123 -1.97966 1
-12.5626 158.268 -0.981017 2
-0.272262 137.769 -1.5132 3
-15.6583 155.673 -1.92307 3
-1.01842 116.334 -1.81553 1
-18.7118 155.45 -1.96623 3
-32.6898 146.833 -2.0854 1
-37.9443 146.572 -2.07032 1
-42.5137 146.24 -2.24787 1
-49.8876 145.733 -2.18024 1
-51.739 150.362 -2.27489 1
-64.4342 149.563 -2.26737 1
-56.4604 145.105 -2.24507 1
-70.9998 151.131 -1.70887 3
-62.4705 144.577 -2.20603 1
-47.1692 152.91 -1.46152 3
-71.6506 148.854 -2.33827 1
-80.5391 150.37 -1.48457 3
-95.7415 153.882 -1.49662 2
-80.0374 140.589 -1.81002 3
-95.8124 135.132 -1.70628 3
-84.583 155.487 -1.33533 2
-94.5235 134.424 -1.5903 2
-96.7041 163.279 -1.3064 2
-64.1568 136.098 -1.98423 3
-99.0548 148.798 -1.77973 3
-110.015 147.938 -1.7624 3
-98.6487 168.936 -1.65613 3
-101.325 146.393 -2.61686 1
-97.4256 173.088 -1.46984 2
-95.6105 161.312 -2.66055 1
-95.5809 168.938 -2.4485 1
-83.2619 137.133 -1.42728 2
-92.3117 128.457 -2.64346 1
-59.9743 144.58 -2.28465 1
-92.1587 126.742 -2.65927 1
-92.3664 132.001 -2.62118 1
-98.5391 185.174 -1.41859 2
-93.3051 118.86 -1.34484 2
-91.9478 124.554 -2.78547 1
-96.5811 176.505 -2.41016 1
-92.4843 109.88 -1.09823 2
-93.3583 129.654 -2.68079 1
-83.0686 133.975 -2.31502 1
-99.6253 140.616 -2.00498 3
-84.8303 160.02 -2.24037 1
-82.9722 153.853 -2.057 3
-86.3249 175.028 -1.45143 2
-85.1297 165.286 -2.48274 1
-82.486 124.658 -2.3595 1
-91.9515 115.107 -2.62719 1
-81.7453 118.665 -0.982876 2
-87.9427 191.762 -1.59827 2
-91.6613 98.3813 -1.07006 2
-80.4083 120.482 -1.28538 3
-85.6371 186.95 -1.84057 3
-94.2114 163.837 -2.38309 3
-95.0614 170.481 -2.8363 1
-83.1388 135.529 -1.51528 3
-79.8869 95.5942 -0.524607 2
-111.175 145.534 -2.74887 1
-116.888 144.659 -2.78223 1
-81.9975 113.378 -2.23806 1
-119.184 139.577 -2.87696 1
-128.132 144.232 -2.71844 1
-81.1867 106.858 -2.1934 1
-83.1322 133.853 -2.40503 1
-90.2328 107.639 -2.66474 1
-90.0396 80.0011 -1.17566 2
-78.3401 79.077 -0.486524 2
-79.2306 86.3062 -2.04208 1
-91.8933 129.607 -2.75158 1
-90.4403 102.836 -2.63467 1
-80.3722 100.364 -2.36554 1
-89.4432 96.1274 -2.56511 1
-91.4748 112.377 -2.50614 1
-88.8505 83.028 -2.55288 1
-89.977 100.097 -2.58292 1
-92.3879 91.5058 -1.63608 3
-89.124 68.0377 -1.21956 2
-81.4569 111.696 -2.29759 1
-87.9204 66.4049 -1.76673 1
-89.9524 93.0477 -2.50637 1
-89.6278 89.8673 -2.51846 1
-76.0321 55.284 -0.350872 2
-76.6065 72.3825 -1.23153 3
-76.9354 59.7808 -2.05074 1
-78.2963 74.0921 -2.28527 1
-74.9401 38.7697 -0.599011 2
-87.2065 41.5407 -1.10001 2
-76.5617 51.4087 -2.26642 1
-86.0997 29.7502 -0.95837 2
-86.1386 51.2991 -2.43532 1
-75.8828 43.7943 -2.02875 1
-74.1855 29.8701 -0.864892 3
-86.315 59.4856 -2.41816 1
-73.6856 21.8521 -1.03198 2
-87.8612 60.7707 -2.53391 1
-86.1235 48.9721 -2.43973 1
-73.0225 27.2814 -1.31207 3
-89.091 51.0472 -1.77066 3
-85.8083 46.5577 -2.43778 1
-85.5409 39.4932 -2.26542 1
-85.7559 43.9525 -2.31695 1
-85.1086 37.5549 -2.45175 1
-82.2842 15.3768 -1.4231 3
-84.4881 27.6449 -2.18421 1
-88.2549 55.8396 -1.80036 2
-76.6783 52.4458 -2.32408 1
-84.3962 32.1769 -2.25995 1
-84.8554 34.7119 -2.28398 1
-73.1389 8.05739 -1.9224 1
-83.6888 19.5471 -2.2393 1
-83.8494 25.2637 -2.20029 1
-96.7227 17.9369 -2.10001 1
-81.4065 -14.9461 -2.14751 1
-102.418 17.3881 -2.11336 1
-62.0716 -7.36913 -0.973438 1
-69.8956 -27.8167 -0.659184 2
-97.8543 -9.97879 -2.15296 1
-80.5192 -28.3851 -1.81683 1
-70.9528 -19.1436 -1.74345 1
-69.1547 -0.417749 -0.958931 3
-97.6904 -4.6693 -2.12908 1
-72.9749 5.32069 -1.80316 1
-101.943 -10.3454 -2.2748 1
-53.9484 -6.60479 -1.738 1
-58.094 0.579933 -0.352813 3
-58.2858 -1.21889 -1.54833 1
-80.5296 -38.3535 -0.606279 2
-36.5614 2.22578 0.653092 3
-102.842 -4.52673 -2.45827 1
-69.1099 -22.3209 -1.03539 3
-72.3458 4.22526 -1.90761 1
-82.0166 -27.8455 -1.84276 1
-68.4215 -49.9437 -0.0512889 2
-79.3033 -50.665 -0.125166 2
-80.6488 -18.0716 -1.92387 1
-38.296 -5.45636 -1.72097 1
-85.1673 2.93883 -1.00996 3
-54.9418 7.24391 -1.06627 2
-81.8728 -40.9591 -0.443955 3
-81.851 -20.7996 -0.948229 2
-78.7906 -40.5699 -2.08595 1
-54.7495 9.5815 -1.5181 2
-29.0343 0.674769 -1.52351 1
-13.469 4.08045 0.166213 3
-61.878 -7.46532 -1.42735 1
-32.2665 -4.78295 -1.41381 1
-48.538 -9.12162 -1.59608 3
-20.5154 -3.9233 -1.29927 1
-14.491 1.94701 -1.25944 1
1.44325 9.13946 0.0710322 1
10.4773 5.78564 0.46455 3
-11.6593 6.70004 -0.357953 2
-12.304 -3.20572 -0.989125 1
0.551145 5.76562 0.191209 3
-2.63681 7.38201 -0.264342 2
-8.28495 2.5416 -1.11261 1
-4.62342 -2.59456 -0.907167 1
-15.6698 -23.5932 -0.211964 2
-12.703 9.79629 -1.01404 2
-14.1205 12.6597 -1.51425 2
-14.4027 15.8002 -1.69893 2
19.7764 -1.13323 -0.724444 1
-18.1945 -3.74183 -1.39042 1
34.8534 7.93177 0.747694 3
13.9989 4.43583 -0.898087 1
3.05045 -5.42381 -0.567785 3
10.2583 -9.43502 0.400552 3
4.05052 -7.1756 -1.08525 1
7.8143 13.6028 -0.885938 1
10.3333 -16.6675 -0.711269 1
12.2212 -33.1196 0.252114 3
5.15054 -24.6062 -0.183437 1
10.349 -22.0181 -0.585215 1
25.776 -0.19092 -0.335653 1
2.81922 13.5505 -0.0173895 1
7.01003 20.2261 -1.00091 1
8.45526 29.0628 0.583198 3
1.88844 24.2421 -0.918324 1
5.21686 -22.7037 -0.415735 1
