-7.4816 -27.0151 -0.174352 1
2.9784 -13.0007 -0.255585 1
12.4409 41.2573 -1.71289 1
-34.202 -3.78 -1.28043 1
12.5288 29.2216 -1.81777 1
12.2424 35.0796 -1.92107 1
14.771 -3.4724 -0.658493 1
-22.1384 19.5383 -1.31413 1
24.5198 19.3464 -1.19027 1
-14.3099 12.6115 -1.01408 2
13.8 12.6946 -0.78442 2
27.6984 12.7764 -0.474931 2
27.5259 3.33813 0.0868127 2
-28.1108 2.96408 -0.847407 2
-14.2272 3.02258 -0.667439 2
-0.155254 12.6548 -0.932462 2
-42.4711 -7.27058 0.266175 3
6.52496 30.204 0.247117 3
-33.7167 2.43097 0.0503581 3
31.9074 22.9157 0.0281128 3
-5.48959 -7.57866 -0.846863 3
11.7617 -6.98309 -0.276389 3
-12.8134 -7.1345 -0.809699 3
-6.02587 -9.94723 -0.343724 3
-20.0328 22.8193 -0.46693 3
20.967 13.2824 -0.0549561 3
6.44974 26.6679 -0.832529 3
4.49006 -9.94421 -0.300429 3
20.7016 2.6357 0.16664 3
15.5873 8.32795 -0.113624 3
-6.37308 13.1657 -0.473178 3
-6.30294 2.55493 -0.644068 3
3.02306 22.5761 -0.521701 3
-28.3831 12.7139 -0.979359 2
13.798 3.26673 -0.211792 2
20.416 19.0451 -1.44049 1
11.7839 -9.11185 -0.279666 2
-30.5807 -9.42601 -0.630672 2
-33.9333 13.1172 -0.171374 3
36.1114 -6.86367 0.593447 3
36.5901 -3.41201 -0.501647 1
47.038 19.5061 -1.20177 1
-0.12223 3.18911 -0.544671 2
48.8172 13.3414 0.326185 3
-42.1146 12.3394 -1.29556 2
41.6614 12.7503 -0.313017 2
-24.1302 19.5911 -1.39083 1
41.5907 3.24124 0.179101 2
48.3338 -8.27705 0.652964 3
55.6733 12.8411 -0.0571256 2
30.2087 19.3383 -1.41061 1
45.8987 -9.0056 0.358851 2
23.7849 -9.01261 -0.0289727 2
48.7347 2.79718 0.737313 3
43.1268 -3.92397 0.610966 3
56.2031 18.7214 -0.884978 1
57.5463 -12.3195 0.502166 2
35.7339 -9.05275 0.124748 2
55.5292 3.28731 0.157675 2
61.2613 19.0168 -0.977409 1
69.4538 12.715 -0.0102034 2
57.4596 -9.14816 0.496082 3
45.9132 39.0468 -0.520204 3
76.3247 13.4287 0.899855 3
69.4105 3.33037 0.231298 2
75.8958 19.3562 -0.646185 1
76.1768 2.71195 0.785479 3
57.7814 -19.8681 0.565051 1
66.9137 19.2812 -0.948404 1
87.9814 -3.07925 0.876532 1
87.126 23.3797 0.641312 3
57.6869 -26.7458 0.976459 2
69.3063 19.3926 -0.889346 1
83.3039 -2.69679 0.652104 1
71.6603 19.3748 -0.650631 1
97.2902 12.8798 0.341378 2
83.492 12.7716 0.22751 2
58.8496 19.1038 -1.0341 1
97.2159 3.39282 0.801639 2
88.4904 36.1652 0.344876 1
83.2261 3.28681 0.307472 2
104.14 13.4746 0.590806 3
88.2826 26.9729 -0.471906 1
105.853 7.99748 0.986839 3
91.1671 36.4837 0.714543 1
103.989 2.84587 0.969888 3
85.7909 -2.86062 0.477523 1
94.3439 34.4238 0.690485 1
77.9372 28.474 -0.0639619 1
113.328 23.202 0.792996 3
91.3866 26.3384 -0.564243 1
62.9929 19.2926 -0.980567 1
93.4568 27.3435 -0.36294 1
98.9659 27.2009 -0.349494 1
77.9702 23.8252 -0.168919 3
95.9444 27.3356 -0.363954 1
79.1117 36.7093 -0.686442 1
110.168 25.7831 -0.166158 1
107.09 24.8389 -0.0850729 1
139.625 2.21762 1.61848 3
89.0563 27.8697 -0.404342 1
113.484 -26.2235 1.52367 2
139.204 14.3187 1.89026 3
107.84 -26.1946 1.30345 2
152.461 -6.60671 1.9739 3
113.044 27.5874 -0.236131 1
126.049 44.8492 -0.435281 3
152.13 24.433 0.860324 1
147.121 2.64768 1.08095 2
108.175 25.2124 -0.173278 1
156.38 23.204 1.53236 3
114.004 30.9015 -0.248114 1
90.1096 -2.88469 0.731562 1
161.956 13.4236 1.21874 2
170.972 20.084 1.19036 1
146.682 13.6577 0.93207 2
162.379 2.64908 1.47329 2
172.541 20.1786 0.987001 1
169.086 14.265 1.6745 3
169.424 2.21707 1.62672 3
177.246 2.81413 1.56809 2
190.613 -4.94856 1.30408 1
187.61 20.307 1.34661 1
157.709 25.0492 0.166436 1
192.149 2.7918 1.76347 2
156.633 -13.2251 1.18449 1
194.202 -4.92977 2.15023 1
182.858 -6.58138 1.9263 3
174.756 20.0073 1.05809 1
131.281 27.0014 0.570499 3
191.923 13.8251 1.59276 2
196.582 -9.4361 2.94414 3
184.222 23.4151 2.22498 3
177.091 13.814 0.953187 2
199.277 14.4652 2.23663 3
198.545 -9.43316 2.48171 3
199.242 2.24997 2.09445 3
158.589 -8.09954 1.00619 3
207.006 2.74458 1.91234 2
222.068 2.71706 2.19354 2
203.916 -4.7509 1.5098 1
206.804 13.7538 1.58702 2
207.81 20.3004 0.590074 1
214.437 23.5427 2.60593 3
218.303 25.3866 1.38201 3
228.983 2.30612 2.50289 3
229.188 14.4395 2.60132 3
233.696 -5.51295 2.29195 1
212.62 -6.56372 2.5259 3
220.615 -5.18433 1.72976 1
221.693 13.7233 2.1199 2
190.363 -4.88832 1.60647 1
236.896 2.6842 2.26492 2
210.073 -11.4764 2.25915 1
236.609 13.8265 2.14232 2
239.429 -4.97481 2.48468 1
251.838 13.8378 2.33966 2
218.492 33.9466 1.16369 3
219.672 47.7548 1.12794 2
241.763 20.3408 1.23784 1
250.641 20.2809 1.36281 1
251.138 -2.36028 2.50662 1
251.916 3.00334 2.5189 2
258.98 14.5255 2.73967 3
244.022 -2.15554 1.99813 1
245.976 -2.38697 2.18621 1
237.474 -5.3 2.17737 1
266.593 13.9319 2.54392 2
266.96 2.77791 2.78579 2
244.414 23.1886 2.8413 3
258.672 2.39017 2.70554 3
272.226 23.4347 2.63089 3
253.751 -2.3836 2.67777 1
249.828 -9.67925 2.83357 1
281.584 14.1539 2.74753 2
245.808 -9.61355 2.55484 1
281.346 2.79897 2.84115 2
233.98 27.8495 1.68646 3
288.541 2.38831 3.5275 3
288.746 14.4756 3.36256 3
242.824 -2.11152 1.71245 1
296.303 20.0972 1.98822 1
315.522 8.67242 3.35728 2
255.98 -2.48004 2.09358 1
300.838 23.4496 3.7744 3
292.09 25.4678 1.97054 1
288.815 23.7041 1.79503 1
324.326 13.7709 2.9236 2
302.57 20.2783 1.93083 1
319.037 14.5129 4.12764 3
262.032 -3.79356 3.20147 3
324.788 2.97153 3.36669 2
319.369 2.42928 3.66021 3
321.466 -13.11 3.72535 2
299.388 20.132 1.90034 1
311.671 -12.9486 3.59828 2
314.616 -6.41638 4.05707 3
330.95 20.2608 2.35557 1
295.588 -17.9433 3.73425 3
318.435 -15.8225 4.29597 3
326.714 -29.2302 4.6827 3
335.619 3.30561 3.44974 2
336.421 -15.7367 4.59215 3
340.417 -12.8615 4.08326 2
306.469 -17.5318 4.00612 3
335.269 14.059 3.12472 2
344.612 -6.16213 4.58806 3
341.539 3.92176 3.88756 3
330.715 -12.9627 3.72099 2
251.284 -2.3263 3.25288 1
199.399 2.11935 2.51209 3
195.546 -4.96594 1.95987 1
197.958 -9.45971 3.25265 3
193.408 -4.98049 1.94647 1
199.451 14.3075 1.98956 3
190.054 20.3732 1.27505 1
191.235 -4.47702 1.45827 1
196.149 -9.64778 2.67655 3
182.894 -6.67799 2.42836 3
192.119 13.7533 1.55804 2
192.203 2.66281 1.64979 2
175.255 19.6742 1.24837 1
218.465 42.4879 0.914807 3
169.628 2.12228 2.1082 3
177.023 13.6387 0.877988 2
177.402 2.43168 1.14413 2
169.267 14.1689 1.48269 3
162.44 2.58036 1.3922 2
162.036 13.628 1.12687 2
152.655 -6.77535 1.90423 3
156.649 -13.2336 1.11351 1
147.386 2.4981 1.00113 2
139.834 2.00469 1.14706 3
184.079 23.1402 1.21067 3
153.101 23.645 0.803459 1
156.282 23.1162 1.03398 3
139.229 14.1913 1.04017 3
147.07 13.5836 0.889546 2
157.885 24.3516 0.157567 1
172.452 19.9058 0.945534 1
186.78 20.1226 1.21409 1
170.562 20.0615 0.963069 1
106.101 7.8578 1.01114 3
104.549 13.3925 0.486365 3
114.23 30.8226 -0.297295 1
113.101 27.8518 -0.207215 1
97.3326 3.35434 0.851793 2
113.27 23.0992 0.302501 3
131.193 26.891 0.163795 3
114.091 35.2336 -0.281751 1
113.3 33.129 -0.212863 1
110.962 26.0483 -0.0334517 1
118.393 39.9531 -0.703701 1
104.192 2.72912 1.19152 3
87.2721 23.3767 0.338709 3
97.4264 12.8036 0.69307 2
111.773 27.9088 -0.184378 1
89.6077 -2.76897 0.583463 1
125.774 44.7814 0.286436 3
83.4837 12.8404 0.430172 2
107.092 25.0718 -0.0721276 1
112.147 30.6917 -0.184953 1
87.0011 -3.03305 0.851012 1
89.2136 26.2917 -0.391371 1
76.3499 2.60991 1.00423 3
99.0661 27.659 -0.122586 1
84.6812 -2.11223 0.686148 1
95.7568 26.2385 -0.345173 1
94.4339 34.1678 0.380292 1
107.796 -26.3288 1.17991 2
77.8463 19.3344 -0.532179 1
83.3026 3.14226 0.524318 2
90.5727 26.648 -0.527424 1
76.5097 13.2823 0.588437 3
69.4826 12.7846 0.192539 2
78.7028 28.5723 -0.270657 1
78.069 23.4695 0.064378 3
93.1589 26.7052 -0.439718 1
89.6676 36.2391 0.405863 1
69.3803 3.26218 0.228251 2
55.5041 12.5356 0.0782517 2
96.0446 31.0585 -0.513753 1
111.674 37.0103 -0.377731 1
93.4146 28.1428 -0.497064 1
77.9187 36.6518 -0.765369 1
105.656 26.7809 -0.0700742 1
48.9371 2.62371 0.812377 3
78.6878 40.956 -0.776066 1
111.44 32.7153 -0.193052 1
49.023 13.2171 0.130308 3
67.4163 19.0459 -0.86322 1
48.4088 -8.52543 0.937091 3
61.925 19.0273 -0.920738 1
72.9683 19.0596 -0.796394 1
56.9922 18.6944 -1.01029 1
57.5773 -9.29913 0.416031 3
38.3518 -3.42726 -0.471368 1
41.699 12.4057 -0.351434 2
47.5208 19.22 -1.15943 1
55.4918 3.24899 0.0402752 2
32.0458 22.7458 -0.153032 3
27.7303 12.6656 -0.404219 2
41.6275 3.20049 0.231322 2
45.8407 -9.05072 0.0631377 2
57.5068 -12.39 0.370494 2
36.3379 -7.05833 0.679294 3
35.8136 -9.13149 0.1596 2
70.344 19.2277 -0.856421 1
57.8984 -21.5064 0.899576 1
27.5849 3.06604 -0.0505415 2
15.7001 8.14796 0.015518 3
20.8953 2.5095 0.290932 3
31.6529 19.454 -1.30418 1
21.1509 13.1784 -0.215791 3
43.0556 -3.81468 0.135621 3
24.7502 19.2018 -1.17787 1
13.89 12.6707 -0.710973 2
3.05281 22.3306 -0.299851 3
57.6858 -26.9629 0.869784 2
45.7508 38.9343 -0.971436 3
4.39504 -10.114 0.991669 3
15.3373 -3.51292 -0.65914 1
11.7925 -9.317 -0.14418 2
21.0554 18.7262 -1.44848 1
-6.32138 2.43959 -0.0408557 3
-6.27709 13.0696 -0.509547 3
-0.296435 3.01686 -0.434205 2
-0.264449 12.4712 -0.838852 2
13.7795 3.06924 -0.314914 2
6.57697 26.4287 -0.907715 3
-6.00106 -9.92544 0.306758 3
-19.8854 19.4562 -1.77455 1
6.70286 30.0727 -1.11103 3
-14.1562 2.98859 -0.637004 2
-23.1684 19.4169 -1.28143 1
12.5745 27.7512 -1.77912 1
-12.8097 -7.18325 0.0127545 3
11.8062 -7.04525 0.225912 3
-5.55462 -7.75611 -0.767161 3
-14.3009 12.4433 -1.11493 2
12.5945 33.9285 -1.84053 1
-19.9373 22.647 -1.12364 3
12.6252 40.9015 -1.51605 1
-28.2118 2.90706 -0.774157 2
3.04393 -11.6387 -0.259075 1
-28.166 12.4529 -1.06756 2
-8.3873 -27.1501 -0.268302 1
-42.1596 12.4786 -1.10989 2
-34.3563 -3.66666 -1.36716 1
-18.4257 -9.38693 -0.354434 2
-33.7603 2.36684 -0.399763 3
-33.9022 12.9898 -0.918503 3
-38.6108 19.0457 -1.94911 1
-27.6503 -3.3228 -1.27711 1
-30.5527 -9.39865 -0.731429 2
-42.0545 2.86898 -0.933488 2
-48.0024 22.4643 -1.42069 3
-39.5808 -3.71014 -1.4339 1
-37.3087 -3.72816 -1.29791 1
-56.1169 2.85531 -0.845682 2
-56.0621 12.5101 -1.32944 2
-62.3547 2.28033 -0.439367 3
-33.8716 24.5202 -2.03713 1
-52.575 -12.3151 -0.605517 2
-70.0528 2.94538 -0.950223 2
-62.0707 12.9222 -0.986474 3
-50.9619 18.8276 -2.05907 1
-27.6817 24.9828 -1.59584 3
-50.1877 -10.3026 -0.297092 3
-27.363 48.7459 -1.40145 3
-47.1802 18.753 -2.2131 1
-60.4794 -10.2315 -0.475472 3
-61.6889 18.9659 -2.19454 1
-63.1706 -9.36799 -0.7893 2
-69.9488 12.2901 -1.30447 2
-42.462 -7.14966 0.0624545 3
-84.0399 2.85067 -0.82613 2
-42.7278 -9.50549 -0.719726 2
-68.1046 -7.31435 -0.441499 3
-63.7981 19.0788 -2.25466 1
-62.9479 -20.4517 -0.829553 1
-70.598 -3.59384 -1.56897 1
-83.9978 12.1913 -1.5122 2
-66.2303 18.883 -2.29978 1
-84.1793 18.8918 -2.26233 1
-90.3281 12.8548 -1.20947 3
-76.2433 -3.78423 -1.50439 1
-97.8163 2.83782 -0.774181 2
-90.5452 2.27453 -0.574441 3
-82.0715 -3.85815 -1.48319 1
-88.2425 -3.73658 -1.50453 1
-72.955 -9.50909 -0.93487 2
-77.7114 22.3809 -1.42865 3
-97.219 -7.44365 -0.30044 3
-97.8307 12.2798 -1.492 2
-72.4441 28.5475 -2.30969 1
-104.6 22.2888 -1.56288 3
-103.431 18.7845 -2.3904 1
-111.851 12.1522 -1.34828 2
-118.51 12.6926 -1.31914 3
-111.889 2.6488 -1.42159 2
-105.922 -12.2685 -1.28286 1
-114.937 -10.3045 -0.719959 3
-118.322 2.11517 -0.711325 3
-104.625 -10.3257 -0.869801 3
-79.507 -3.82214 -1.47728 1
-85.1582 -9.64444 -1.10256 2
-97.2478 -9.58494 -0.927124 2
-125.808 2.67865 -1.37588 2
-122.807 -7.49529 -0.516443 3
-116.194 -15.2479 -1.24214 1
-114.395 -7.96266 -1.62392 3
-132.369 -4.06029 -1.99187 1
-132.083 22.1572 -1.68333 3
-136.566 -4.69876 -0.440667 3
-125.974 12.1937 -1.38689 2
-139.785 12.1828 -1.53195 2
-117.507 -9.7579 -1.40712 2
-138.591 24.5782 -2.52818 1
-142.35 18.7071 -2.18109 1
-129.678 19.0085 -2.42733 1
-144.19 8.16578 -1.17594 2
-146.024 12.7074 -1.29122 3
-139.796 2.61145 -1.54697 2
-158.465 22.468 -2.12188 3
-127.596 -9.63507 -1.30365 2
-106.331 -22.2459 -0.865301 1
-151.677 -7.54774 -0.727237 3
-151.341 18.2778 -2.46252 1
-139.626 -9.64768 -1.14768 2
-146.136 2.0147 -0.643551 3
-151.656 -9.85619 -1.33437 2
-159.007 -10.0766 -0.253287 3
-178.828 1.81465 -1.11424 3
-169.438 -10.0213 -1.08199 3
-178.945 12.2277 -1.82227 3
-171.554 -20.6439 -1.2691 1
-170.995 -15.7065 -1.68574 1
-158.836 25.0824 -2.54873 2
-189.541 11.838 -2.1418 2
-161.432 -12.647 -1.00137 2
-193.675 23.8735 -2.08601 3
-167.711 38.9872 -2.65807 3
-172.007 -9.96169 -1.40787 2
-199.147 21.0654 -2.30384 3
-168.82 -8.15439 -1.86508 3
-200.485 11.8044 -2.33228 2
-161.206 -16.7225 -1.4186 1
-139.02 23.0313 -2.28419 1
-181.841 -7.74741 -1.07562 3
-116.035 -25.2302 -0.861428 1
-112.454 -41.5407 -0.0850175 1
-56.0464 12.4877 -1.21671 2
-42.0401 12.5246 -1.09254 2
-42.0807 3.03751 -0.614737 2
-56.0293 2.97465 -0.839661 2
-52.4712 -12.1612 -0.528652 2
-42.5807 -7.1216 -0.389196 3
-34.1194 13.1184 -0.422275 3
-50.2167 -10.227 -0.498189 3
-42.7114 -9.25886 -0.52693 2
-51.7075 18.8883 -2.35739 1
-40.9401 -3.68358 -1.27565 1
-40.5289 18.9167 -1.79713 1
-33.9352 2.42036 -0.379963 3
-52.2555 -16.4733 -0.812671 1
-23.6505 19.442 -1.35184 1
-47.4861 18.8806 -2.27732 1
-28.1183 3.03712 -0.845704 2
-34.9199 -3.57559 -1.25674 1
-48.122 22.4971 -0.467697 3
-14.2536 3.25851 -0.458885 2
-14.0925 12.7202 -1.0016 2
-28.1701 12.559 -1.17217 2
-30.5076 -9.25255 -0.492682 2
-18.5066 -9.206 -0.299578 2
-20.9009 19.4788 -1.7896 1
-27.6522 25.0625 -0.654158 3
-28.1634 -3.31151 -1.18635 1
-6.50094 13.17 -0.315204 3
-34.1048 24.7083 -2.02279 1
-59.9967 -7.78118 -1.2534 3
-6.48956 2.54629 -0.156938 3
-0.35758 3.26989 -0.37132 2
-12.7716 -7.08498 -0.294331 3
-27.3295 48.923 -0.495653 3
-19.9866 22.819 -0.111806 3
-50.0064 18.9831 -2.11203 1
2.99531 22.7373 -0.813209 3
15.5964 8.36963 -0.156378 3
-5.53718 -7.53302 -0.598427 3
2.50858 -13.1762 -0.215224 1
4.42588 -10.0319 -0.240903 3
11.6415 -9.33335 -0.119129 2
11.761 -7.03014 -0.135292 3
-0.185891 12.6086 -0.869159 2
-6.01139 -9.97174 -0.510951 3
12.5636 28.6557 -1.77307 1
20.9458 13.3135 0.173761 3
13.9048 -3.58822 -0.731972 1
13.761 3.1871 -0.321335 2
6.48273 30.2208 0.21787 3
13.8642 12.7601 -0.888495 2
24.4786 19.2961 -1.27687 1
6.43877 26.6223 -0.395889 3
20.7033 2.61955 0.173073 3
27.6913 12.7608 -0.506049 2
12.4537 40.3477 -1.5461 1
27.5335 3.37223 -0.136793 2
41.5505 3.32625 0.226708 2
31.9909 22.8946 -0.195281 3
20.2962 19.0949 -1.47939 1
41.6132 12.6823 -0.340552 2
37.4268 -3.36667 -0.540374 1
-8.24416 -26.9102 -0.196787 1
36.2058 -6.91473 0.478662 3
48.8424 13.4076 0.471336 3
48.7905 2.76512 0.478177 3
30.2293 19.3242 -1.40978 1
47.101 19.4932 -1.23734 1
45.9139 -8.92797 0.335555 2
23.7916 -8.98849 0.0525961 2
56.2474 18.6034 -1.03788 1
35.7446 -8.9934 0.135477 2
61.2102 18.9993 -0.993815 1
43.0427 -3.96911 0.394225 3
57.4624 -9.13631 0.765334 3
45.9095 39.323 -0.626148 3
69.316 3.3574 0.212162 2
76.2909 13.4622 0.809969 3
76.0831 19.2672 -0.634512 1
67.0334 19.2636 -0.993822 1
57.7691 -19.9469 0.62703 1
76.1997 2.7624 0.620825 3
83.3886 12.7359 0.0467069 2
83.3139 -2.69549 0.655851 1
87.9867 -3.09738 0.791912 1
57.7083 -26.8106 0.915442 2
87.1309 23.5633 0.744792 3
58.8386 19.0754 -1.02586 1
69.2832 19.3511 -0.844979 1
97.2128 12.7759 0.263476 2
71.69 19.2727 -0.707552 1
83.1462 3.25304 0.330625 2
87.6051 26.9575 -0.455483 1
105.892 7.94428 0.924259 3
104.156 13.565 0.612929 3
94.1252 34.3153 0.58847 1
91.1028 36.3255 0.470355 1
97.2161 3.39011 0.768967 2
103.945 2.82961 0.849815 3
77.2869 28.3977 -0.0814175 1
85.9667 -1.97873 0.361998 1
113.302 23.1946 0.731648 3
92.3755 26.7193 -0.439749 1
95.8967 27.3602 -0.433936 1
99.0044 26.7456 -0.342418 1
77.964 23.7911 -0.188719 3
76.4432 19.4466 -0.586631 1
110.279 25.7943 -0.192631 1
107.164 24.8472 -0.10848 1
78.937 36.9851 -0.824383 1
113.425 -26.1995 1.37563 2
139.097 14.2933 1.89539 3
107.805 -26.2231 1.22129 2
125.677 44.7965 0.755296 3
152.571 -6.61034 1.77691 3
152.399 24.3299 0.757848 1
109 25.4862 -0.165135 1
156.384 23.1531 1.20244 3
113.977 30.8611 -0.225845 1
147.129 2.66454 0.93391 2
170.831 20.0218 0.95094 1
162.404 2.68933 1.21974 2
162.011 13.697 1.07125 2
147.067 13.6893 0.711547 2
169.361 2.15911 1.65835 3
154.064 -13.9378 1.19752 1
169.122 14.2007 1.67669 3
173.328 20.1389 1.01906 1
190.624 -4.9634 1.49046 1
182.672 -6.59914 1.87281 3
177.266 2.69947 1.3961 2
157.694 24.9938 0.034092 1
157.599 -13.0182 1.16357 1
192.132 2.7457 1.60746 2
184.17 23.3762 2.30647 3
177.064 13.7447 0.884538 2
194.017 -4.85109 2.06924 1
158.264 -8.33698 1.01482 3
131.292 27.0427 0.986293 3
155.849 -13.4713 1.19014 1
199.292 14.4439 2.26935 3
199.249 2.20676 2.10775 3
198.481 -9.38854 2.45532 3
191.83 13.8362 1.55593 2
151.112 24.3679 0.782991 1
206.999 2.69406 1.80393 2
222.101 2.6754 2.13553 2
221.768 13.8353 2.12076 2
218.286 25.3837 1.38081 3
207.802 20.3494 0.640246 1
214.314 23.569 2.617 3
234.008 -5.43367 2.06056 1
236.571 13.8244 2.05416 2
219.763 -5.24195 1.67524 1
236.869 2.62736 2.19 2
210.617 -11.4605 2.35024 1
239.171 -4.86843 2.39483 1
175.118 20.2371 1.00062 1
251.905 13.9788 2.2237 2
241.695 20.391 1.09115 1
218.469 33.8816 1.22022 3
251.952 2.74789 2.45993 2
220.042 47.8826 0.92873 2
250.658 20.2784 1.41753 1
259.125 14.4648 2.92695 3
251.093 -2.24656 2.40546 1
243.599 -2.12666 1.93812 1
237.478 -5.28301 2.17677 1
195.127 -4.96724 1.99942 1
266.542 13.9355 2.33809 2
258.702 2.34537 2.54391 3
244.439 23.1846 2.81192 3
272.236 23.413 2.5459 3
267 2.77726 2.75194 2
281.429 2.84 2.8922 2
249.819 -9.55783 2.74975 1
250.323 -12.1981 2.57542 1
245.998 -9.6651 2.63612 1
288.538 2.38895 3.34717 3
281.668 14.0146 2.71188 2
296.565 19.9712 1.76781 1
300.84 23.4871 3.76552 3
315.61 8.65998 3.04163 2
318.986 14.5089 3.87695 3
288.926 24.5845 1.7977 1
324.305 13.8598 3.19564 2
319.373 2.38841 3.82007 3
302.508 20.3094 1.81652 1
324.758 3.1153 3.31408 2
299.404 20.2342 1.882 1
256.248 -2.48906 2.21601 1
262.037 -3.80343 3.23428 3
336.419 -15.7202 4.76553 3
314.603 -6.38911 4.12903 3
318.477 -15.8174 4.41666 3
295.57 -17.9411 3.85511 3
331.108 20.1532 2.36075 1
326.713 -29.2292 4.925 3
321.551 -13.0018 3.51826 2
311.693 -12.8921 3.49235 2
306.427 -17.5083 4.23233 3
340.424 -12.9316 4.0299 2
344.532 -6.23874 4.5049 3
335.743 3.37622 3.37601 2
