0 1
0 2
0 3
0 4
0 5
0 6
0 7
0 8
0 9
0 10
1 2
1 3
1 4
1 5
1 6
1 7
1 8
1 9
1 10
2 3
2 4
2 5
2 6
2 7
2 8
2 9
2 10
3 4
3 5
3 6
3 7
3 8
3 9
3 10
4 5
4 6
4 7
4 8
4 9
4 10
4 11
5 6
5 7
5 8
5 9
5 10
6 7
6 8
6 9
6 10
7 8
7 9
8 9
8 10
9 10
10 11
12 0
12 1
12 2
12 3
12 4
12 5
12 6
12 7
12 8
12 9
12 10
12 11
13 0
13 1
13 2
13 3
13 4
13 5
13 6
13 7
13 8
13 9
13 10
13 12
14 0
14 1
14 2
14 3
14 4
14 5
14 6
14 7
14 8
14 9
14 10
14 12
14 13
15 0
15 1
15 2
15 3
15 4
15 6
15 9
15 10
15 11
15 12
15 14
16 0
16 1
16 2
16 3
16 4
16 5
16 6
16 7
16 8
16 9
16 10
16 11
16 12
16 13
16 14
16 15
17 0
17 1
17 2
17 3
17 4
17 5
17 6
17 7
17 8
17 9
17 10
17 12
17 13
17 14
17 16
18 0
18 1
18 2
18 3
18 4
18 5
18 6
18 7
18 8
18 9
18 10
18 12
18 13
18 14
18 16
18 17
19 0
19 1
19 2
19 3
19 4
19 5
19 6
19 7
19 8
19 9
19 12
19 13
19 14
19 16
19 17
18 19
20 0
20 1
20 2
20 3
20 4
20 5
20 6
20 7
20 8
20 9
20 10
20 12
20 13
20 14
20 15
20 16
20 17
20 18
20 19
21 0
21 1
21 2
21 3
21 4
21 5
21 6
21 7
21 8
21 9
21 12
21 13
21 14
21 16
21 17
21 18
21 19
20 21
22 0
22 1
22 2
22 3
22 4
22 5
22 6
22 7
22 8
22 9
22 12
22 13
22 14
22 16
22 17
22 18
22 19
22 20
22 21
23 0
23 1
23 2
23 3
23 4
23 5
23 6
23 7
23 8
23 9
23 10
23 12
23 13
23 14
23 16
23 17
23 18
23 19
23 20
23 21
23 22
24 0
24 1
24 2
24 3
24 4
24 5
24 6
24 7
24 8
24 9
24 10
24 12
24 13
24 14
24 15
24 16
24 17
24 18
24 19
24 20
24 21
24 22
24 23
25 14
25 15
25 16
25 17
25 18
25 19
25 20
25 21
25 22
25 23
25 24
26 14
26 16
26 17
26 18
26 19
26 20
26 21
26 22
26 23
26 24
25 26
27 14
27 16
27 17
27 18
27 19
27 20
27 21
27 22
27 23
27 24
27 25
27 26
28 14
28 15
28 16
28 17
28 18
28 19
28 20
28 21
28 22
28 23
28 24
28 25
28 26
28 27
29 16
29 17
29 18
29 19
29 20
29 21
29 22
29 23
29 24
29 25
29 26
29 27
29 28
30 16
30 17
30 18
30 19
30 20
30 21
30 22
30 23
30 24
30 25
30 26
30 27
30 28
30 29
31 16
31 17
31 18
31 19
31 20
31 21
31 22
31 23
31 24
31 25
31 26
31 27
31 28
31 29
31 30
32 17
32 18
32 19
32 20
32 21
32 22
32 23
32 24
32 25
32 26
32 27
32 28
32 29
32 30
32 31
33 17
33 18
33 19
33 20
33 21
33 22
33 23
33 24
33 25
33 26
33 27
33 28
33 29
33 30
33 31
33 32
34 17
34 18
34 19
34 20
34 21
34 22
34 23
34 24
34 25
34 26
34 27
34 28
34 29
34 30
34 31
34 32
34 33
35 17
35 18
35 19
35 20
35 21
35 22
35 23
35 24
35 25
35 26
35 27
35 28
35 29
35 30
35 31
35 32
35 33
36 17
36 18
36 19
36 20
36 21
36 22
36 23
36 24
36 25
36 26
36 27
36 28
36 29
36 30
36 31
36 32
36 33
34 35
34 36
35 36
37 18
37 19
37 20
37 21
37 22
37 23
37 24
37 25
37 26
37 27
37 28
37 29
37 30
37 31
37 32
37 33
37 34
37 35
37 36
38 20
38 21
38 22
38 23
38 24
38 25
38 26
38 27
38 28
38 29
38 30
38 31
38 32
38 33
38 34
38 35
38 36
38 37
39 20
39 21
39 22
39 23
39 24
39 25
39 26
39 27
39 28
39 29
39 30
39 31
39 32
39 33
39 34
39 35
39 36
39 37
39 38
40 20
40 21
40 22
40 23
40 24
40 25
40 26
40 27
40 28
40 29
40 30
40 31
40 32
40 33
40 34
40 35
40 36
40 37
40 38
40 39
41 22
41 23
41 24
41 25
41 26
41 27
41 28
41 29
41 30
41 31
41 32
41 33
41 34
41 35
41 36
41 37
41 38
41 39
41 40
42 23
42 24
42 25
42 26
42 27
42 28
42 29
42 30
42 31
42 32
42 33
42 34
42 35
42 36
42 37
42 38
42 39
42 40
42 41
43 23
43 24
43 25
43 26
43 27
43 28
43 29
43 30
43 31
43 32
43 33
43 34
43 35
43 36
43 37
43 38
43 39
43 40
43 41
42 43
44 25
44 26
44 27
44 28
44 29
44 30
44 31
44 32
44 33
44 34
44 35
44 36
44 37
44 38
44 39
44 40
44 41
44 42
44 43
45 25
45 26
45 27
45 28
45 29
45 30
45 31
45 32
45 33
45 34
45 35
45 36
45 37
45 38
45 39
45 40
45 41
45 42
45 43
45 44
46 27
46 28
46 29
46 30
46 31
46 32
46 33
46 34
46 35
46 36
46 37
46 38
46 39
46 40
46 41
46 42
46 43
46 44
46 45
47 28
47 29
47 30
47 31
47 32
47 33
47 34
47 35
47 36
47 37
47 38
47 39
47 40
47 41
47 42
47 43
47 44
47 45
47 46
48 28
48 29
48 30
48 31
48 32
48 33
48 34
48 35
48 36
48 37
48 38
48 39
48 40
48 41
48 42
48 43
48 44
48 45
48 46
47 48
49 30
49 31
49 32
49 33
49 34
49 35
49 36
49 37
49 38
49 39
49 40
49 41
49 42
49 43
49 44
49 45
49 46
49 47
49 48
50 34
50 35
50 36
50 37
50 38
50 39
50 40
50 41
50 42
50 43
50 44
50 45
50 46
50 47
50 48
50 49
51 41
51 42
51 43
51 44
51 45
51 46
51 47
51 48
51 49
51 50
52 42
52 43
52 44
52 45
52 46
52 47
52 48
52 49
52 50
52 51
53 42
53 43
53 44
53 45
53 46
53 47
53 48
53 49
53 50
53 51
53 52
54 44
54 45
54 46
54 47
54 48
54 49
54 50
54 51
54 52
54 53
55 45
55 46
55 47
55 48
55 49
55 50
55 51
55 52
55 53
55 54
56 46
56 47
56 48
56 49
56 50
56 51
56 52
56 53
56 54
56 55
57 46
57 47
57 48
57 49
57 50
57 51
57 52
57 53
57 54
57 55
57 56
58 46
58 47
58 48
58 49
58 50
58 51
58 52
58 53
58 54
58 55
58 56
57 58
59 47
59 48
59 49
59 50
59 51
59 52
59 53
59 54
59 55
59 57
59 58
60 47
60 48
60 49
60 50
60 51
60 52
60 53
60 54
60 55
60 56
60 57
60 58
59 60
61 49
61 50
61 51
61 53
61 54
61 55
61 56
61 58
61 60
62 49
62 50
62 51
62 52
62 53
62 54
62 55
62 56
62 57
62 58
62 59
62 60
62 61
63 49
63 50
63 51
63 52
63 53
63 54
63 55
63 56
63 57
63 58
63 59
63 60
63 61
64 49
64 50
64 51
64 52
64 53
64 54
64 55
64 56
64 57
64 58
64 59
64 60
64 61
65 49
65 50
65 51
65 52
65 53
65 54
65 55
65 56
65 57
65 58
65 59
65 60
65 61
62 63
62 64
62 65
63 64
63 65
64 65
66 50
66 51
66 52
66 53
66 54
66 55
66 56
66 57
66 58
66 59
66 60
66 61
66 62
66 63
66 64
66 65
67 50
67 51
67 52
67 53
67 54
67 55
67 56
67 57
67 58
67 59
67 60
67 61
67 62
67 63
67 64
67 65
68 50
68 51
68 52
68 53
68 54
68 55
68 56
68 57
68 58
68 60
68 61
68 62
68 63
68 64
68 65
66 67
66 68
67 68
69 50
69 51
69 52
69 53
69 54
69 55
69 56
69 57
69 58
69 59
69 60
69 61
69 62
69 63
69 64
69 65
69 66
69 67
69 68
70 50
70 51
70 52
70 53
70 54
70 55
70 56
70 57
70 58
70 59
70 60
70 61
70 62
70 63
70 64
70 65
70 66
70 67
70 68
69 70
71 50
71 51
71 52
71 53
71 54
71 55
71 56
71 57
71 58
71 59
71 60
71 61
71 62
71 63
71 64
71 65
71 66
71 67
71 68
71 69
71 70
72 51
72 52
72 53
72 54
72 55
72 56
72 57
72 58
72 59
72 60
72 61
72 62
72 63
72 64
72 65
72 66
72 67
72 68
72 69
72 70
72 71
73 51
73 52
73 53
73 54
73 55
73 56
73 57
73 58
73 59
73 60
73 61
73 62
73 63
73 64
73 65
73 66
73 67
73 68
73 69
73 70
73 71
72 73
74 52
74 53
74 54
74 55
74 56
74 57
74 58
74 59
74 60
74 61
74 62
74 63
74 64
74 65
74 66
74 67
74 68
74 69
74 70
74 71
74 72
74 73
75 52
75 53
75 54
75 55
75 56
75 57
75 58
75 60
75 61
75 62
75 63
75 64
75 65
75 66
75 67
75 68
75 69
75 70
75 71
75 72
75 73
74 75
76 55
76 56
76 57
76 58
76 59
76 60
76 61
76 62
76 63
76 64
76 65
76 66
76 67
76 68
76 69
76 70
76 71
76 72
76 73
76 74
76 75
77 55
77 56
77 57
77 58
77 59
77 60
77 61
77 62
77 63
77 64
77 65
77 66
77 67
77 68
77 69
77 70
77 71
77 72
77 73
77 74
77 75
76 77
78 61
78 62
78 63
78 64
78 65
78 66
78 67
78 68
78 69
78 70
78 71
78 72
78 73
78 74
78 75
78 76
78 77
79 66
79 67
79 68
79 69
79 70
79 71
79 72
79 73
79 74
79 75
79 76
79 77
79 78
80 78
80 79
81 78
81 79
81 80
82 78
82 79
82 80
82 81
83 78
83 79
83 80
83 81
84 78
84 79
84 80
84 81
82 83
82 84
83 84
85 80
85 81
85 82
85 83
85 84
86 80
86 81
86 82
86 83
86 84
86 85
87 80
87 81
87 82
87 83
87 84
87 85
86 87
88 80
88 81
88 82
88 83
88 84
88 85
88 86
88 87
89 80
89 81
89 82
89 83
89 84
89 85
89 86
89 87
88 89
90 80
90 81
90 82
90 83
90 84
90 85
90 86
90 87
90 88
90 89
91 85
91 86
91 87
91 88
91 89
92 85
92 86
92 87
92 88
92 89
92 90
93 85
93 86
93 87
93 88
93 89
93 90
93 91
94 85
94 86
94 87
94 88
94 89
94 90
94 91
92 93
92 94
93 94
95 85
95 86
95 87
95 88
95 89
95 90
95 91
95 92
95 93
95 94
96 85
96 86
96 87
96 88
96 89
96 90
96 91
96 92
96 93
96 94
95 96
97 85
97 86
97 87
97 88
97 89
97 91
97 93
97 94
97 95
97 96
98 88
98 89
98 91
98 94
98 96
98 97
99 88
99 89
99 90
99 91
99 92
99 93
99 94
99 95
99 96
99 97
99 98
100 92
100 93
100 94
100 95
100 96
100 99
101 91
101 94
101 97
101 98
102 91
102 92
102 93
102 94
102 95
102 96
102 97
102 98
102 99
102 100
102 101
103 95
103 96
103 97
103 99
103 100
103 101
103 102
104 102
104 103
105 103
105 104
106 103
106 104
107 103
107 104
107 106
108 104
108 105
109 104
109 105
109 106
109 107
109 108
110 104
110 106
110 107
110 109
111 104
111 105
111 106
111 107
111 108
111 109
111 110
112 104
112 105
112 108
112 109
112 111
113 104
113 105
113 106
113 107
113 108
113 109
113 110
113 111
113 112
114 107
114 108
114 109
114 110
114 111
114 112
114 113
115 108
115 109
115 112
115 113
115 114
116 108
116 109
116 110
116 111
116 112
116 113
116 114
117 108
117 109
117 110
117 111
117 112
117 113
117 114
117 115
117 116
118 110
118 111
118 112
118 113
118 114
118 115
118 116
118 117
119 114
119 115
119 116
119 117
119 118
120 114
120 115
120 116
120 117
120 118
120 119
121 114
121 115
121 116
121 117
121 118
121 119
121 120
122 114
122 115
122 116
122 117
122 118
122 119
122 120
121 122
123 114
123 115
123 116
123 117
123 118
123 119
123 120
123 121
123 122
124 114
124 115
124 116
124 117
124 118
124 119
124 120
124 121
124 122
123 124
125 114
125 115
125 116
125 117
125 118
125 119
125 120
125 121
125 122
125 123
125 124
126 116
126 117
126 118
126 119
126 120
126 121
126 122
126 123
126 124
126 125
127 118
127 119
127 120
127 121
127 122
127 123
127 124
127 125
127 126
128 119
128 120
128 121
128 122
128 123
128 124
128 125
128 126
128 127
129 121
129 122
129 123
129 124
129 125
129 126
129 127
129 128
130 123
130 124
130 125
130 126
130 127
130 128
130 129
131 127
131 128
131 129
131 130
132 129
132 130
132 131
133 129
133 130
133 131
132 133
134 129
134 130
134 131
134 132
134 133
135 129
135 130
135 131
135 132
135 133
136 129
136 130
136 131
136 132
136 133
137 129
137 130
137 131
137 132
137 133
134 135
134 136
134 137
135 136
135 137
136 137
138 129
138 130
138 131
138 132
138 133
138 134
138 135
138 136
138 137
139 129
139 130
139 131
139 132
139 133
139 134
139 135
139 136
139 137
139 138
140 129
140 130
140 131
140 132
140 133
140 134
140 135
140 136
140 137
140 138
140 139
141 130
141 131
141 132
141 133
141 134
141 135
141 136
141 137
141 138
141 139
141 140
142 131
142 132
142 133
142 134
142 135
142 136
142 137
142 138
142 139
142 140
142 141
143 131
143 132
143 133
143 134
143 135
143 136
143 137
143 138
143 139
143 140
143 141
143 142
144 132
144 133
144 134
144 135
144 136
144 137
144 138
144 139
144 140
144 141
144 142
144 143
145 134
145 135
145 136
145 137
145 138
145 139
145 140
145 141
145 142
145 143
145 144
146 140
146 142
146 144
146 145
147 142
147 145
147 146
148 141
148 142
148 143
148 144
148 145
148 146
148 147
149 141
149 142
149 143
149 144
149 145
149 146
149 148
150 142
150 143
150 144
150 145
150 146
150 147
150 148
150 149
151 142
151 143
151 144
151 145
151 146
151 147
151 148
151 149
152 142
152 143
152 144
152 145
152 146
152 147
152 148
152 149
150 151
150 152
151 152
153 144
153 145
153 148
153 149
153 150
153 151
153 152
154 144
154 145
154 146
154 148
154 149
154 150
154 151
154 152
155 144
155 145
155 148
155 149
155 150
155 151
155 152
153 154
153 155
154 155
156 144
156 145
156 146
156 147
156 148
156 149
156 150
156 151
156 152
156 153
156 154
156 155
157 144
157 145
157 146
157 147
157 148
157 149
157 150
157 151
157 152
157 153
157 154
157 155
157 156
158 147
158 148
158 151
158 152
158 153
158 154
158 155
159 148
159 149
159 150
159 151
159 152
159 153
159 154
159 155
159 156
159 157
160 149
160 150
160 151
160 152
160 153
160 154
160 155
160 156
160 157
160 158
160 159
161 149
161 150
161 151
161 152
161 153
161 154
161 155
161 156
161 157
161 159
161 160
162 153
162 154
162 155
162 156
162 157
162 159
162 160
162 161
163 153
163 154
163 155
163 156
163 157
163 159
163 160
163 161
163 162
164 153
164 154
164 155
164 156
164 157
164 159
164 160
164 161
164 162
164 163
165 156
165 157
165 158
165 159
165 160
165 161
165 162
165 163
165 164
166 157
166 158
166 159
166 160
166 161
166 162
166 163
166 164
166 165
167 159
167 160
167 161
167 162
167 163
167 164
167 165
167 166
168 159
168 160
168 161
168 162
168 163
168 164
168 165
168 166
168 167
169 158
169 159
169 160
169 161
169 162
169 163
169 164
169 165
169 166
169 167
170 158
170 160
170 161
170 164
170 165
170 166
168 169
169 170
171 159
171 160
171 161
171 162
171 163
171 164
171 165
171 166
171 167
171 168
171 169
171 170
172 159
172 160
172 161
172 162
172 163
172 164
172 165
172 166
172 167
172 168
172 169
172 170
171 172
173 161
173 162
173 163
173 164
173 165
173 166
173 167
173 168
173 169
173 171
173 172
174 163
174 164
174 165
174 166
174 167
174 168
174 169
174 171
174 172
174 173
175 163
175 164
175 165
175 166
175 167
175 168
175 169
175 170
175 171
175 172
175 173
175 174
176 165
176 166
176 167
176 168
176 169
176 170
176 171
176 172
176 173
176 174
176 175
177 166
177 167
177 168
177 169
177 171
177 172
177 173
177 174
177 175
177 176
178 171
178 172
178 173
178 174
178 175
178 176
178 177
179 173
179 174
179 175
179 176
179 177
179 178
180 173
180 174
180 175
180 176
180 177
180 178
180 179
181 176
181 177
181 178
181 179
181 180
182 177
182 178
182 179
182 180
182 181
183 178
183 179
183 180
183 181
183 182
184 178
184 179
184 180
184 181
184 182
184 183
185 181
185 182
185 183
185 184
186 181
186 182
186 183
186 184
186 185
187 181
187 182
187 183
187 184
187 185
187 186
188 182
188 183
188 184
188 185
188 186
188 187
189 182
189 183
189 184
189 185
189 186
189 187
189 188
190 185
190 186
190 187
190 188
190 189
191 185
191 186
191 187
191 188
191 189
191 190
192 185
192 186
192 187
192 188
192 189
192 190
192 191
193 185
193 186
193 187
193 188
193 189
193 190
193 191
192 193
194 185
194 186
194 187
194 188
194 189
194 190
194 191
194 192
194 193
195 185
195 186
195 187
195 188
195 189
195 190
195 191
195 192
195 193
195 194
196 185
196 186
196 187
196 188
196 189
196 190
196 191
196 192
196 193
196 194
195 196
197 186
197 187
197 188
197 189
197 190
197 191
197 192
197 193
197 194
197 195
197 196
198 186
198 187
198 188
198 189
198 190
198 191
198 192
198 193
198 194
198 195
198 196
198 197
199 188
199 189
199 190
199 191
199 192
199 193
199 194
199 195
199 196
199 197
199 198
200 189
200 190
200 191
200 192
200 193
200 194
200 195
200 196
200 197
200 198
200 199
201 190
201 191
201 192
201 193
201 194
201 195
201 196
201 197
201 198
201 199
201 200
202 190
202 191
202 192
202 193
202 194
202 195
202 196
202 197
202 198
202 199
202 200
202 201
203 190
203 191
203 192
203 193
203 194
203 195
203 196
203 197
203 198
203 199
203 200
203 201
202 203
204 190
204 191
204 192
204 193
204 194
204 195
204 196
204 197
204 198
204 199
204 200
204 201
204 202
204 203
205 192
205 193
205 194
205 195
205 196
205 197
205 198
205 199
205 200
205 201
205 202
205 203
205 204
206 194
206 195
206 196
206 197
206 198
206 199
206 200
206 201
206 202
206 203
206 204
206 205
207 194
207 195
207 196
207 197
207 198
207 199
207 200
207 201
207 202
207 203
207 204
207 205
207 206
208 194
208 195
208 196
208 197
208 198
208 199
208 200
208 201
208 202
208 203
208 204
208 205
208 206
207 208
209 197
209 198
209 199
209 200
209 201
209 202
209 203
209 204
209 205
209 206
209 207
209 208
210 197
210 199
210 200
210 202
210 204
210 206
210 207
210 208
210 209
211 198
211 199
211 200
211 201
211 202
211 203
211 204
211 205
211 206
211 207
211 208
211 209
211 210
212 198
212 199
212 200
212 201
212 202
212 203
212 204
212 205
212 206
212 207
212 208
212 209
212 210
212 211
213 198
213 199
213 200
213 201
213 202
213 203
213 204
213 205
213 206
213 207
213 208
213 209
213 211
212 213
214 199
214 200
214 201
214 202
214 203
214 204
214 205
214 206
214 207
214 208
214 209
214 210
214 211
214 212
214 213
215 201
215 202
215 203
215 204
215 205
215 206
215 207
215 208
215 209
215 210
215 211
215 212
215 213
215 214
216 201
216 202
216 203
216 204
216 205
216 206
216 207
216 208
216 209
216 210
216 211
216 212
216 213
216 214
215 216
217 202
217 203
217 204
217 205
217 206
217 207
217 208
217 209
217 210
217 211
217 212
217 214
217 215
217 216
218 204
218 205
218 206
218 207
218 208
218 209
218 211
218 212
218 213
218 214
218 215
218 216
219 205
219 206
219 207
219 208
219 209
219 211
219 212
219 213
219 214
219 215
219 216
219 217
219 218
220 205
220 206
220 207
220 208
220 209
220 210
220 211
220 212
220 213
220 214
220 215
220 216
220 217
220 218
220 219
221 209
221 210
221 211
221 212
221 213
221 214
221 215
221 216
221 217
221 218
221 219
221 220
222 211
222 212
222 213
222 214
222 215
222 216
222 217
222 218
222 219
222 220
222 221
223 211
223 212
223 213
223 214
223 215
223 216
223 217
223 218
223 219
223 220
223 221
223 222
224 211
224 212
224 213
224 214
224 215
224 216
224 218
224 219
224 220
224 221
224 222
223 224
225 214
225 215
225 216
225 217
225 218
225 219
225 220
225 221
225 222
225 223
225 224
226 215
226 216
226 217
226 218
226 219
226 220
226 221
226 222
226 223
226 224
226 225
227 215
227 216
227 217
227 218
227 219
227 220
227 221
227 222
227 223
227 224
227 225
227 226
228 215
228 216
228 217
228 218
228 219
228 220
228 221
228 222
228 223
228 224
228 225
228 226
228 227
229 215
229 218
229 219
229 220
229 221
229 222
229 223
229 224
229 225
229 226
229 227
229 228
230 215
230 216
230 217
230 218
230 219
230 220
230 221
230 222
230 223
230 224
230 225
230 226
230 227
230 228
230 229
231 218
231 219
231 220
231 221
231 222
231 223
231 224
231 225
231 226
231 227
231 228
231 229
231 230
232 219
232 220
232 221
232 222
232 223
232 224
232 225
232 226
232 227
232 228
232 229
232 230
232 231
233 219
233 220
233 221
233 222
233 223
233 224
233 225
233 226
233 227
233 228
233 229
233 230
233 231
233 232
234 221
234 222
234 223
234 224
234 225
234 226
234 227
234 228
234 229
234 230
234 231
234 232
234 233
235 221
235 222
235 223
235 224
235 225
235 226
235 227
235 228
235 229
235 230
235 231
235 232
235 233
235 234
236 221
236 222
236 223
236 224
236 225
236 226
236 227
236 228
236 229
236 230
236 231
236 232
236 233
236 234
236 235
237 221
237 222
237 223
237 224
237 225
237 226
237 227
237 228
237 229
237 230
237 231
237 232
237 233
237 234
237 235
237 236
238 222
238 223
238 224
238 225
238 226
238 227
238 228
238 229
238 230
238 231
238 232
238 233
238 234
238 235
238 236
238 237
239 223
239 224
239 225
239 226
239 227
239 228
239 229
239 230
239 231
239 232
239 233
239 234
239 235
239 236
239 237
239 238
240 225
240 226
240 227
240 228
240 229
240 230
240 231
240 232
240 233
240 234
240 235
240 236
240 237
240 238
240 239
241 225
241 226
241 227
241 228
241 229
241 230
241 231
241 232
241 233
241 234
241 235
241 236
241 237
241 238
241 239
240 241
242 225
242 226
242 227
242 228
242 229
242 230
242 231
242 232
242 233
242 234
242 235
242 236
242 237
242 238
242 239
242 240
242 241
243 225
243 226
243 227
243 228
243 229
243 230
243 231
243 232
243 233
243 234
243 235
243 236
243 237
243 238
243 239
243 240
243 241
242 243
244 227
244 228
244 229
244 230
244 231
244 232
244 233
244 234
244 235
244 236
244 237
244 238
244 239
244 240
244 241
244 242
244 243
245 233
245 234
245 235
245 236
245 237
245 238
245 239
245 240
245 241
245 242
245 243
245 244
246 234
246 235
246 236
246 237
246 238
246 239
246 240
246 241
246 242
246 243
246 244
246 245
247 234
247 235
247 236
247 237
247 238
247 239
247 240
247 241
247 242
247 243
247 244
247 245
247 246
248 239
248 240
248 241
248 242
248 243
248 244
248 245
248 246
248 247
249 242
249 243
249 244
249 245
249 246
249 247
249 248
250 245
250 246
250 247
250 248
250 249
251 245
251 246
251 247
251 248
251 249
250 251
252 245
252 247
252 249
252 250
252 251
253 245
253 246
253 247
253 248
253 249
253 250
253 251
253 252
254 245
254 246
254 247
254 248
254 249
254 250
254 251
254 252
254 253
255 245
255 246
255 247
255 248
255 249
255 250
255 251
255 252
255 253
254 255
256 249
256 250
256 251
256 252
256 253
256 254
256 255
257 250
257 251
257 253
257 254
258 252
258 253
258 254
258 255
258 256
258 257
259 253
259 254
259 255
259 256
259 257
259 258
260 253
260 254
260 255
260 256
260 257
260 258
259 260
261 254
261 255
261 256
261 257
261 258
261 259
261 260
262 256
262 257
262 258
262 259
262 260
262 261
263 257
263 258
263 259
263 260
263 261
263 262
264 257
264 258
264 259
264 260
264 261
264 262
264 263
265 257
265 259
265 260
265 262
265 263
265 264
266 257
266 259
266 260
266 262
266 263
266 264
266 265
267 258
267 259
267 260
267 261
267 262
267 263
267 264
268 258
268 259
268 260
268 261
268 262
268 263
268 264
268 267
269 258
269 259
269 260
269 261
269 262
269 263
269 264
269 265
269 267
268 269
270 263
270 264
270 267
270 268
270 269
271 264
271 265
271 266
271 267
271 268
271 269
271 270
272 264
272 267
272 268
272 269
272 270
272 271
273 269
273 270
273 271
274 267
274 268
274 269
274 270
274 271
274 272
273 274
275 270
275 271
275 272
275 273
275 274
276 270
276 271
276 272
276 273
276 274
275 276
277 270
277 271
277 272
277 273
277 274
277 275
277 276
278 270
278 271
278 272
278 273
278 274
278 275
278 276
278 277
279 270
279 271
279 272
279 273
279 274
279 275
279 276
279 277
279 278
280 271
280 272
280 273
280 274
280 275
280 276
280 277
280 278
280 279
281 273
281 274
281 275
281 276
281 277
281 278
281 279
281 280
282 275
282 276
282 277
282 278
282 279
282 280
282 281
283 275
283 276
283 277
283 278
283 280
283 281
284 279
284 280
284 281
284 282
284 283
285 279
285 280
285 281
285 282
285 283
284 285
286 279
286 280
286 281
286 282
286 283
286 284
286 285
287 279
287 280
287 281
287 282
287 283
287 284
287 285
286 287
288 279
288 280
288 281
288 282
288 284
288 285
288 286
288 287
289 280
289 281
289 283
289 284
289 285
289 286
289 287
290 280
290 281
290 282
290 283
290 284
290 285
290 286
290 287
290 288
290 289
291 281
291 282
291 284
291 285
291 286
291 287
291 288
291 290
292 281
292 282
292 283
292 284
292 285
292 286
292 287
292 288
292 289
292 290
292 291
293 284
293 285
293 286
293 287
293 288
293 290
293 291
293 292
294 284
294 285
294 286
294 287
294 288
294 290
294 291
294 292
294 293
295 286
295 287
295 288
295 289
295 290
295 291
295 292
295 293
295 294
296 290
296 291
296 292
296 293
296 294
296 295
297 292
297 295
297 296
298 291
298 292
298 293
298 294
298 295
298 296
299 295
299 296
299 297
299 298
300 293
300 294
300 295
300 296
300 297
300 298
300 299
301 294
301 295
301 296
301 297
301 298
301 299
301 300
302 296
302 298
302 300
302 301
303 296
303 297
303 298
303 299
303 300
303 301
303 302
304 297
304 298
304 299
304 300
304 301
304 302
304 303
305 299
305 300
305 301
305 302
305 303
305 304
306 299
306 300
306 301
306 302
306 303
306 304
306 305
307 300
307 301
307 302
307 303
307 304
307 305
306 307
308 300
308 301
308 302
308 303
308 304
308 305
308 306
308 307
309 301
309 302
309 303
309 304
309 305
309 306
309 307
309 308
310 301
310 302
310 303
310 304
310 305
310 306
310 307
310 308
310 309
311 301
311 302
311 303
311 304
311 305
311 306
311 307
311 308
311 309
310 311
312 302
312 303
312 304
312 305
312 306
312 307
312 308
312 309
312 310
312 311
313 303
313 304
313 305
313 306
313 307
313 308
313 309
313 310
313 311
313 312
314 303
314 304
314 305
314 306
314 307
314 308
314 309
314 310
314 311
314 313
315 303
315 304
315 305
315 306
315 307
315 308
315 309
315 310
315 311
315 312
315 313
315 314
316 303
316 304
316 305
316 306
316 307
316 308
316 309
316 310
316 311
316 312
316 313
316 314
316 315
317 303
317 304
317 305
317 306
317 307
317 308
317 309
317 310
317 311
317 312
317 313
317 314
317 315
317 316
318 305
318 306
318 307
318 308
318 309
318 310
318 311
318 312
318 313
318 314
318 315
318 316
318 317
319 309
319 310
319 311
319 312
319 313
319 314
319 315
319 316
319 317
319 318
320 309
320 310
320 311
320 312
320 313
320 315
320 316
320 317
320 318
320 319
321 310
321 311
321 312
321 313
321 314
321 315
321 316
321 317
321 318
321 319
321 320
322 313
322 314
322 315
322 316
322 317
322 318
322 319
322 320
322 321
323 314
323 315
323 316
323 317
323 318
323 319
323 320
323 321
323 322
324 314
324 315
324 316
324 317
324 318
324 319
324 320
324 321
324 322
324 323
325 317
325 318
325 319
325 320
325 321
325 322
325 323
325 324
326 319
326 320
326 321
326 322
326 323
326 324
326 325
327 319
327 320
327 321
327 322
327 323
327 324
327 325
326 327
328 319
328 320
328 321
328 322
328 323
328 324
328 325
328 326
328 327
329 322
329 323
329 324
329 325
329 326
329 327
329 328
330 322
330 323
330 324
330 325
330 326
330 327
330 328
330 329
331 325
331 326
331 327
331 328
331 329
331 330
332 326
332 327
332 328
332 329
332 330
333 328
333 329
333 330
333 331
333 332
334 329
334 330
334 331
334 332
334 333
335 332
335 333
335 334
336 332
336 333
336 334
336 335
337 332
337 333
337 334
337 335
336 337
338 332
338 333
338 334
338 335
338 336
338 337
339 333
339 334
339 335
339 336
339 337
339 338
340 335
340 336
340 338
340 339
341 335
341 336
341 337
341 338
341 339
341 340
342 336
342 337
342 338
342 339
342 340
342 341
343 340
343 341
343 342
344 340
344 341
344 342
344 343
345 342
345 343
345 344
346 343
346 344
346 345
347 343
347 344
347 345
347 346
348 343
348 344
348 345
348 346
348 347
349 343
349 344
349 345
349 346
349 347
349 348
350 344
350 345
350 346
350 347
350 348
350 349
351 345
351 347
351 349
351 350
352 344
352 345
352 346
352 347
352 348
352 349
352 350
353 345
353 346
353 347
353 348
353 349
353 350
353 352
354 345
354 346
354 347
354 348
354 349
354 350
354 351
354 352
354 353
355 345
355 346
355 347
355 348
355 349
355 350
355 352
355 353
355 354
356 346
356 347
356 348
356 349
356 350
356 352
356 353
356 354
356 355
357 346
357 347
357 348
357 349
357 350
357 351
357 352
357 353
357 354
357 355
357 356
358 346
358 347
358 348
358 349
358 350
358 351
358 352
358 353
358 354
358 355
358 356
358 357
359 348
359 349
359 350
359 351
359 352
359 353
359 354
359 355
359 356
359 357
359 358
360 350
360 352
360 353
360 354
360 355
360 356
360 357
360 358
360 359
361 352
361 353
361 354
361 355
361 356
361 357
361 358
361 359
361 360
362 358
362 359
362 360
362 361
363 359
363 360
363 361
363 362
364 359
364 360
364 361
364 362
364 363
365 359
365 360
365 361
365 362
365 363
364 365
366 360
366 361
366 362
366 363
366 364
366 365
367 360
367 361
367 362
367 363
367 364
367 365
367 366
368 362
368 363
368 364
368 365
368 366
368 367
369 362
369 363
369 364
369 365
369 366
369 368
370 362
370 363
370 364
370 365
370 366
370 368
370 369
371 362
371 363
371 364
371 365
371 366
371 367
371 368
371 369
370 371
372 362
372 363
372 364
372 365
372 366
372 368
372 369
372 370
372 371
373 362
373 363
373 364
373 365
373 368
373 369
373 370
373 371
373 372
374 364
374 365
374 369
374 370
374 371
374 372
375 362
375 363
375 364
375 365
375 369
375 370
375 371
375 372
376 362
376 363
376 364
376 365
376 366
376 367
376 368
376 369
376 370
376 371
376 372
373 374
373 375
373 376
374 375
374 376
375 376
377 364
377 365
377 366
377 367
377 368
377 369
377 370
377 371
377 372
377 373
377 374
377 375
377 376
378 364
378 365
378 368
378 369
378 370
378 371
378 372
378 373
378 374
378 375
378 376
377 378
379 364
379 365
379 368
379 369
379 370
379 371
379 372
379 373
379 374
379 375
379 376
379 377
379 378
380 368
380 369
380 370
380 371
380 372
380 373
380 374
380 375
380 376
380 377
380 378
380 379
381 376
381 377
381 380
382 378
382 379
383 379
383 380
383 381
384 380
384 381
384 383
385 380
385 381
385 383
385 384
386 380
386 381
386 383
386 384
385 386
387 380
387 381
387 383
387 384
387 385
387 386
388 380
388 381
388 383
388 384
388 385
388 386
388 387
389 380
389 381
389 383
389 384
389 385
389 386
389 387
389 388
390 380
390 381
390 383
390 385
390 386
390 387
390 388
389 390
391 381
391 382
391 383
391 384
391 385
391 386
391 387
391 388
391 389
391 390
392 383
392 385
392 386
392 387
392 388
392 389
392 390
392 391
393 383
393 384
393 385
393 386
393 387
393 388
393 389
393 390
393 391
393 392
394 383
394 384
394 385
394 386
394 387
394 388
394 389
394 390
394 391
394 392
393 394
395 385
395 386
395 387
395 388
395 389
395 390
395 391
395 392
395 393
395 394
396 387
396 388
396 389
396 390
396 391
396 392
396 393
396 394
396 395
397 388
397 389
397 390
397 391
397 392
397 393
397 394
397 395
397 396
398 391
398 392
398 393
398 394
398 395
398 396
398 397
399 391
399 392
399 393
399 394
399 395
399 396
399 397
399 398
400 391
400 392
400 393
400 394
400 395
400 396
400 397
400 398
400 399
401 392
401 393
401 394
401 395
401 396
401 397
401 398
401 399
401 400
402 392
402 393
402 394
402 395
402 396
402 397
402 398
402 399
402 400
402 401
403 396
403 397
403 398
403 399
403 400
403 401
403 402
404 402
404 403
405 403
405 404
406 403
406 404
406 405
407 403
407 404
407 405
406 407
408 403
408 404
408 405
408 406
408 407
409 403
409 404
409 405
409 406
409 407
409 408
410 404
410 405
410 406
410 407
410 408
410 409
411 404
411 405
411 406
411 407
411 408
411 409
411 410
412 404
412 405
412 406
412 407
412 408
412 409
412 410
412 411
413 404
413 405
413 406
413 407
413 408
413 409
413 410
413 411
413 412
414 404
414 405
414 406
414 407
414 408
414 409
414 410
414 411
414 412
414 413
415 404
415 405
415 406
415 407
415 408
415 409
415 410
415 411
415 412
415 413
415 414
416 404
416 405
416 406
416 407
416 408
416 409
416 410
416 411
416 412
416 413
416 414
416 415
417 405
417 406
417 407
417 408
417 409
417 410
417 411
417 412
417 413
417 414
417 415
417 416
418 406
418 407
418 408
418 409
418 410
418 411
418 412
418 413
418 414
418 415
418 416
418 417
419 406
419 407
419 408
419 409
419 410
419 411
419 412
419 413
419 414
419 415
419 416
419 417
419 418
420 410
420 411
420 412
420 413
420 414
420 415
420 416
420 417
420 418
420 419
421 410
421 411
421 412
421 413
421 414
421 415
421 416
421 417
421 418
421 419
421 420
422 410
422 411
422 412
422 413
422 414
422 415
422 416
422 417
422 418
422 419
422 420
422 421
423 411
423 412
423 413
423 414
423 415
423 416
423 417
423 418
423 419
423 420
423 421
423 422
424 416
424 417
424 418
424 419
424 420
424 421
424 422
424 423
425 416
425 417
425 418
425 419
425 420
425 421
425 422
425 423
424 425
426 416
426 417
426 418
426 419
426 420
426 421
426 422
426 423
426 424
426 425
427 416
427 417
427 418
427 419
427 420
427 421
427 422
427 423
427 424
427 425
428 416
428 417
428 418
428 419
428 420
428 421
428 422
428 423
428 424
428 425
426 427
426 428
427 428
429 420
429 421
429 422
429 423
429 424
429 425
429 426
429 427
429 428
430 420
430 421
430 422
430 423
430 424
430 425
430 426
430 427
430 428
430 429
431 420
431 421
431 422
431 423
431 424
431 425
431 426
431 427
431 428
431 429
430 431
432 422
432 423
432 424
432 425
432 426
432 427
432 428
432 429
432 430
432 431
433 423
433 424
433 425
433 426
433 427
433 428
433 429
433 430
433 431
433 432
434 423
434 424
434 425
434 426
434 427
434 428
434 429
434 430
434 431
434 432
433 434
435 423
435 424
435 425
435 426
435 427
435 428
435 429
435 430
435 431
435 432
435 433
435 434
436 424
436 425
436 426
436 427
436 430
436 431
436 432
436 433
436 434
437 424
437 425
437 426
437 427
437 428
437 429
437 430
437 431
437 432
437 433
437 434
437 435
437 436
438 429
438 430
438 431
438 432
438 433
438 434
438 435
438 437
439 430
439 431
439 432
439 433
439 434
439 435
439 437
439 438
440 430
440 431
440 432
440 433
440 434
440 435
440 437
440 438
440 439
441 432
441 433
441 434
441 435
441 436
441 437
441 438
441 439
441 440
442 432
442 433
442 434
442 435
442 437
442 438
442 439
442 440
442 441
443 432
443 433
443 434
443 435
443 437
443 438
443 439
443 440
443 441
443 442
444 435
444 437
444 438
444 439
444 440
444 441
444 442
444 443
445 435
445 436
445 437
445 438
445 439
445 440
445 441
445 442
445 443
444 445
446 439
446 440
446 441
446 442
446 443
446 444
446 445
447 439
447 440
447 441
447 442
447 443
447 444
447 445
447 446
448 441
448 442
448 443
448 444
448 445
448 446
448 447
449 445
449 446
449 447
449 448
450 443
450 444
450 445
450 446
450 447
450 448
450 449
451 443
451 444
451 445
451 446
451 447
451 448
451 449
450 451
452 443
452 444
452 445
452 446
452 447
452 448
452 449
452 450
452 451
453 443
453 444
453 445
453 446
453 447
453 448
453 449
453 450
453 451
452 453
454 443
454 444
454 445
454 446
454 447
454 448
454 449
454 450
454 451
454 452
454 453
455 443
455 444
455 445
455 446
455 447
455 448
455 449
455 450
455 451
455 452
455 453
456 443
456 444
456 445
456 446
456 447
456 448
456 449
456 450
456 451
456 452
456 453
457 443
457 444
457 445
457 446
457 447
457 448
457 449
457 450
457 451
457 452
457 453
454 455
454 456
454 457
455 456
455 457
456 457
458 446
458 447
458 448
458 449
458 450
458 451
458 452
458 453
458 454
458 455
458 456
458 457
459 446
459 447
459 448
459 449
459 450
459 451
459 452
459 453
459 454
459 455
459 456
459 457
459 458
460 447
460 448
460 449
460 450
460 451
460 452
460 453
460 454
460 455
460 456
460 457
460 458
460 459
461 447
461 448
461 449
461 450
461 451
461 452
461 453
461 454
461 455
461 456
461 457
461 458
461 459
461 460
462 448
462 449
462 450
462 451
462 452
462 453
462 454
462 455
462 456
462 457
462 458
462 459
462 460
462 461
463 458
463 459
463 460
463 461
463 462
464 458
464 459
464 460
464 461
464 462
465 458
465 459
465 460
465 461
465 462
463 464
463 465
464 465
466 458
466 459
466 460
466 461
466 462
466 463
466 464
466 465
467 458
467 459
467 460
467 461
467 462
467 463
467 464
467 465
467 466
468 459
468 460
468 461
468 462
468 463
468 464
468 465
468 466
468 467
469 460
469 461
469 462
469 463
469 464
469 465
469 466
469 467
469 468
470 461
470 462
470 463
470 464
470 465
470 466
470 467
470 468
470 469
471 463
471 464
471 465
471 466
471 467
471 468
471 470
472 463
472 464
472 465
472 466
472 467
472 468
472 469
472 470
472 471
473 468
473 469
473 470
473 471
473 472
474 468
474 469
474 470
474 471
474 472
474 473
475 472
475 473
475 474
476 473
476 474
476 475
477 475
477 476
478 475
478 476
478 477
479 475
479 476
479 477
479 478
480 475
480 476
480 477
480 478
480 479
481 475
481 476
481 477
481 478
481 479
482 475
482 476
482 477
482 478
482 479
480 481
480 482
481 482
483 477
483 478
483 479
483 480
483 481
483 482
484 477
484 478
484 479
484 480
484 481
484 482
484 483
485 477
485 478
485 479
485 480
485 481
485 482
485 483
485 484
486 477
486 478
486 479
486 480
486 481
486 482
486 483
486 484
486 485
487 479
487 481
487 482
487 485
487 486
488 485
488 486
488 487
489 486
489 487
489 488
490 487
490 488
490 489
491 488
491 489
491 490
492 489
492 490
492 491
493 490
493 491
493 492
494 491
494 492
493 494
495 491
495 492
495 493
495 494
496 491
496 492
496 493
496 494
496 495
497 491
497 492
497 493
497 494
497 495
497 496
498 491
498 492
498 493
498 494
498 495
498 496
498 497
499 491
499 492
499 493
499 494
499 495
499 496
499 497
499 498
500 492
500 493
500 494
500 495
500 496
500 497
500 498
500 499
501 492
501 493
501 494
501 495
501 496
501 497
501 498
501 499
501 500
502 492
502 493
502 494
502 495
502 496
502 497
502 498
502 499
502 500
502 501
503 492
503 493
503 494
503 495
503 496
503 497
503 498
503 499
503 500
503 501
503 502
504 493
504 494
504 495
504 496
504 497
504 498
504 499
504 500
504 501
504 502
504 503
505 496
505 497
505 498
505 499
505 500
505 501
505 502
505 503
505 504
506 500
506 501
506 502
506 503
506 504
506 505
