0 1
0 2
0 4
0 5
0 6
0 7
0 8
0 11
0 12
0 13
0 14
0 15
0 16
1 2
1 3
1 4
1 5
1 6
1 7
1 8
1 9
1 10
1 11
1 12
1 13
1 14
1 15
1 16
2 3
2 4
2 5
2 6
2 7
2 8
2 9
2 10
2 11
2 12
2 13
2 14
2 15
2 16
3 4
3 5
3 6
3 7
3 8
3 9
3 10
3 11
3 14
3 15
4 5
4 6
4 7
4 8
4 9
4 10
4 11
4 12
4 13
4 14
4 15
4 16
5 6
5 7
5 8
5 9
5 10
5 11
5 12
5 13
5 14
5 15
5 16
6 7
6 8
6 9
6 10
6 11
6 12
6 13
6 14
6 15
6 16
7 8
7 9
7 10
7 11
7 12
7 13
7 14
7 15
7 16
8 9
8 10
8 11
8 12
8 13
8 14
8 15
8 16
9 10
9 11
9 14
9 15
10 11
10 12
10 14
10 15
10 16
11 12
11 13
11 14
11 15
11 16
12 13
12 15
12 16
13 15
13 16
14 15
15 16
17 0
17 1
17 2
17 4
17 5
17 6
17 7
17 8
17 11
17 12
17 13
17 14
17 15
17 16
18 0
18 1
18 2
18 3
18 4
18 5
18 6
18 7
18 8
18 9
18 10
18 11
18 12
18 13
18 14
18 15
18 16
17 18
19 0
19 1
19 2
19 4
19 5
19 6
19 7
19 8
19 11
19 12
19 13
19 15
19 16
19 17
19 18
20 0
20 1
20 2
20 4
20 5
20 6
20 7
20 8
20 9
20 10
20 11
20 12
20 13
20 14
20 15
20 16
20 17
20 18
21 0
21 1
21 2
21 3
21 4
21 5
21 6
21 7
21 8
21 9
21 10
21 11
21 12
21 13
21 14
21 15
21 16
21 17
21 18
19 20
19 21
20 21
22 0
22 1
22 2
22 3
22 4
22 5
22 6
22 7
22 8
22 9
22 10
22 11
22 12
22 13
22 14
22 15
22 16
22 17
22 18
22 19
22 20
22 21
23 0
23 1
23 2
23 4
23 5
23 6
23 7
23 8
23 10
23 11
23 12
23 13
23 15
23 16
23 18
23 19
23 20
23 21
23 22
24 0
24 1
24 2
24 3
24 4
24 5
24 6
24 7
24 8
24 9
24 10
24 11
24 12
24 13
24 14
24 15
24 16
24 17
24 18
24 19
24 20
24 21
24 22
25 0
25 1
25 2
25 3
25 4
25 5
25 6
25 7
25 8
25 9
25 10
25 11
25 12
25 13
25 14
25 15
25 16
25 17
25 18
25 19
25 20
25 21
25 22
25 24
26 0
26 1
26 2
26 4
26 5
26 6
26 7
26 8
26 9
26 10
26 11
26 12
26 13
26 14
26 15
26 16
26 17
26 18
26 19
26 20
26 21
26 22
26 23
26 24
25 26
27 0
27 1
27 2
27 3
27 4
27 5
27 6
27 7
27 8
27 9
27 10
27 11
27 12
27 13
27 14
27 15
27 16
27 18
27 19
27 20
27 21
27 22
27 23
27 24
27 25
27 26
28 0
28 1
28 2
28 4
28 5
28 6
28 7
28 8
28 10
28 11
28 12
28 13
28 15
28 16
28 18
28 19
28 20
28 21
28 22
28 23
28 26
29 0
29 1
29 2
29 3
29 4
29 5
29 6
29 7
29 8
29 9
29 10
29 11
29 12
29 14
29 15
29 16
29 17
29 18
29 20
29 21
29 22
29 23
29 24
29 25
29 26
27 28
27 29
30 0
30 1
30 2
30 4
30 5
30 6
30 7
30 8
30 10
30 11
30 12
30 13
30 15
30 16
30 17
30 18
30 19
30 20
30 21
30 22
30 23
30 24
30 25
30 26
30 27
30 28
31 0
31 1
31 2
31 4
31 5
31 6
31 7
31 8
31 10
31 11
31 12
31 13
31 15
31 16
31 18
31 19
31 20
31 21
31 22
31 23
31 26
31 27
31 28
31 30
32 0
32 1
32 2
32 4
32 5
32 6
32 7
32 8
32 10
32 11
32 12
32 13
32 15
32 16
32 17
32 18
32 19
32 20
32 21
32 22
32 23
32 26
32 27
32 28
32 30
32 31
33 0
33 1
33 2
33 4
33 5
33 6
33 7
33 8
33 11
33 12
33 13
33 15
33 16
33 17
33 18
33 19
33 20
33 21
33 22
33 23
33 24
33 25
33 26
33 27
33 28
33 30
33 31
33 32
34 0
34 1
34 2
34 4
34 5
34 6
34 7
34 8
34 10
34 11
34 12
34 13
34 15
34 16
34 18
34 19
34 20
34 21
34 22
34 23
34 26
34 27
34 28
34 30
34 31
34 32
34 33
35 0
35 1
35 2
35 4
35 5
35 6
35 7
35 8
35 11
35 12
35 13
35 14
35 15
35 16
35 17
35 18
35 19
35 20
35 21
35 22
35 23
35 24
35 25
35 26
35 27
35 28
35 29
35 30
35 31
35 32
35 33
35 34
36 0
36 1
36 2
36 3
36 4
36 5
36 6
36 7
36 8
36 9
36 10
36 11
36 12
36 13
36 14
36 15
36 16
36 17
36 18
36 19
36 20
36 21
36 22
36 23
36 24
36 25
36 26
36 27
36 28
36 29
36 30
36 31
36 32
36 33
36 34
36 35
37 1
37 2
37 4
37 5
37 6
37 7
37 8
37 10
37 11
37 12
37 13
37 15
37 16
37 19
37 21
37 22
37 23
37 27
37 28
37 30
37 31
37 32
37 33
37 34
38 17
38 18
38 19
38 20
38 21
38 22
38 24
38 25
38 26
38 29
38 30
38 32
38 33
38 35
38 36
39 22
39 23
39 24
39 25
39 26
39 27
39 28
39 29
39 30
39 31
39 32
39 33
39 34
39 35
39 36
39 37
39 38
40 24
40 25
40 26
40 29
40 35
40 36
40 38
40 39
41 27
41 28
41 30
41 31
41 32
41 33
41 34
41 37
41 39
42 27
42 28
42 29
42 30
42 31
42 32
42 33
42 34
42 35
42 36
42 37
42 38
42 39
41 42
43 31
43 32
43 33
43 34
43 35
43 36
43 37
43 39
43 41
43 42
44 31
44 32
44 33
44 34
44 35
44 36
44 37
44 39
44 41
44 42
44 43
45 32
45 33
45 34
45 36
45 37
45 39
45 41
45 42
45 43
45 44
46 33
46 34
46 35
46 36
46 37
46 38
46 39
46 41
46 42
46 43
46 44
46 45
47 33
47 34
47 36
47 37
47 39
47 41
47 42
47 43
47 44
47 45
47 46
48 34
48 35
48 36
48 37
48 38
48 39
48 40
48 41
48 42
48 43
48 44
48 45
48 46
48 47
49 34
49 35
49 36
49 38
49 39
49 40
49 42
49 43
49 44
49 46
49 48
50 36
50 37
50 38
50 39
50 40
50 42
50 43
50 44
50 45
50 46
50 47
50 48
50 49
51 41
51 42
51 43
51 44
51 45
51 46
51 47
51 48
51 49
51 50
52 43
52 46
52 48
52 49
52 50
53 43
53 44
53 45
53 46
53 47
53 48
53 49
53 50
53 51
53 52
54 43
54 44
54 45
54 46
54 47
54 48
54 49
54 50
54 51
54 52
54 53
55 43
55 44
55 45
55 46
55 47
55 48
55 49
55 50
55 51
55 52
55 53
56 43
56 44
56 45
56 46
56 47
56 48
56 49
56 50
56 51
56 52
56 53
54 55
54 56
55 56
57 48
57 49
57 50
57 52
57 55
57 56
58 44
58 45
58 46
58 47
58 48
58 49
58 50
58 51
58 52
58 53
58 54
58 55
58 56
59 48
59 49
59 52
59 55
59 56
59 57
60 47
60 48
60 49
60 50
60 51
60 53
60 54
60 55
60 56
60 58
61 51
61 52
61 53
61 54
61 55
61 56
61 58
61 60
62 51
62 52
62 53
62 54
62 55
62 56
62 57
62 58
62 60
62 61
63 52
63 53
63 54
63 55
63 56
63 58
63 60
63 61
63 62
64 52
64 53
64 54
64 55
64 56
64 57
64 58
64 60
64 61
64 62
64 63
65 53
65 54
65 55
65 56
65 58
65 60
65 61
65 62
65 63
65 64
66 53
66 54
66 55
66 56
66 57
66 58
66 60
66 61
66 62
66 63
66 64
65 66
67 54
67 55
67 56
67 57
67 58
67 60
67 61
67 62
67 63
67 64
67 65
67 66
68 60
68 61
68 62
68 63
68 64
68 65
68 66
68 67
69 60
69 61
69 62
69 63
69 64
69 65
69 66
69 67
69 68
70 60
70 61
70 62
70 63
70 64
70 65
70 66
70 67
70 68
70 69
71 61
71 62
71 63
71 64
71 65
71 66
71 67
71 68
71 69
71 70
72 61
72 62
72 63
72 64
72 65
72 66
72 67
72 68
72 69
72 70
71 72
73 61
73 62
73 63
73 64
73 65
73 66
73 67
73 68
73 69
73 70
73 71
73 72
74 61
74 62
74 63
74 64
74 65
74 66
74 67
74 68
74 69
74 70
74 71
74 72
74 73
75 62
75 63
75 64
75 65
75 66
75 67
75 68
75 69
75 70
75 71
75 72
75 73
75 74
76 62
76 63
76 64
76 65
76 66
76 67
76 68
76 69
76 70
76 71
76 72
76 73
76 74
75 76
77 62
77 63
77 64
77 65
77 66
77 67
77 68
77 69
77 70
77 71
77 72
77 73
77 74
77 75
77 76
78 64
78 65
78 66
78 67
78 68
78 69
78 70
78 71
78 72
78 73
78 74
78 75
78 76
78 77
79 65
79 66
79 67
79 68
79 69
79 70
79 71
79 72
79 73
79 74
79 75
79 76
79 77
79 78
80 67
80 68
80 69
80 70
80 71
80 72
80 73
80 74
80 75
80 76
80 77
80 78
80 79
81 68
81 69
81 70
81 71
81 72
81 73
81 74
81 75
81 76
81 77
81 78
81 79
81 80
82 73
82 74
82 75
82 76
82 77
82 78
82 79
82 80
82 81
83 74
83 75
83 76
83 77
83 78
83 79
83 80
83 81
83 82
84 75
84 76
84 77
84 78
84 79
84 80
84 81
84 82
84 83
85 75
85 76
85 77
85 78
85 79
85 80
85 81
85 82
85 83
85 84
86 75
86 76
86 77
86 78
86 79
86 80
86 81
86 82
86 83
86 84
85 86
87 78
87 79
87 80
87 81
87 82
87 83
87 84
87 85
87 86
88 78
88 79
88 80
88 81
88 82
88 83
88 84
88 85
88 86
88 87
89 81
89 82
89 83
89 84
89 85
89 86
89 87
89 88
90 81
90 82
90 83
90 84
90 85
90 86
90 87
90 88
90 89
91 82
91 83
91 84
91 85
91 86
91 87
91 88
91 89
91 90
92 82
92 83
92 84
92 85
92 86
92 87
92 88
92 89
92 90
91 92
93 82
93 83
93 84
93 85
93 86
93 87
93 88
93 89
93 90
93 91
93 92
94 83
94 84
94 85
94 86
94 87
94 88
94 89
94 90
94 91
94 92
94 93
95 83
95 84
95 85
95 86
95 87
95 88
95 89
95 90
95 91
95 92
95 93
94 95
96 85
96 86
96 87
96 88
96 89
96 90
96 91
96 92
96 93
96 94
96 95
97 87
97 88
97 89
97 90
97 91
97 92
97 93
97 94
97 95
97 96
98 87
98 88
98 89
98 90
98 91
98 92
98 93
98 94
98 95
98 96
98 97
99 88
99 89
99 90
99 91
99 92
99 93
99 94
99 95
99 96
99 97
99 98
100 90
100 91
100 92
100 93
100 94
100 95
100 96
100 97
100 98
100 99
101 93
101 94
101 95
101 96
101 97
101 98
101 99
101 100
102 93
102 94
102 95
102 96
102 97
102 98
102 99
102 100
102 101
103 97
103 98
103 99
103 100
103 101
103 102
104 97
104 98
104 99
104 100
104 101
104 102
105 97
105 98
105 99
105 100
105 101
105 102
103 104
103 105
104 105
106 97
106 98
106 99
106 100
106 101
106 102
106 103
106 104
106 105
107 99
107 100
107 101
107 102
107 103
107 104
107 105
107 106
108 100
108 101
108 102
108 103
108 104
108 105
108 106
108 107
109 101
109 102
109 103
109 104
109 105
109 106
109 107
109 108
110 101
110 102
110 103
110 104
110 105
110 106
110 107
110 108
109 110
111 102
111 103
111 104
111 105
111 106
111 107
111 108
111 109
111 110
112 103
112 104
112 105
112 106
112 107
112 108
112 109
112 110
112 111
113 108
113 109
113 110
113 111
113 112
114 113
115 114
116 114
116 115
117 114
117 115
117 116
118 114
118 115
118 116
118 117
119 114
119 115
119 116
119 117
118 119
120 114
120 115
120 116
120 117
120 118
120 119
121 115
121 116
121 117
121 118
121 119
121 120
122 115
122 116
122 117
122 118
122 119
122 120
122 121
123 115
123 116
123 117
123 118
123 119
123 120
123 121
123 122
124 115
124 116
124 117
124 118
124 119
124 120
124 121
124 122
124 123
125 115
125 116
125 117
125 118
125 119
125 120
125 121
125 122
125 123
125 124
126 116
126 117
126 118
126 119
126 120
126 121
126 122
126 123
126 124
126 125
127 117
127 118
127 119
127 120
127 121
127 122
127 123
127 124
127 125
127 126
128 120
128 121
128 122
128 123
128 124
128 125
128 126
128 127
129 123
129 124
129 125
129 126
129 127
129 128
130 128
130 129
131 129
131 130
132 129
132 130
132 131
133 129
133 130
133 131
133 132
134 129
134 130
134 131
134 132
133 134
135 130
135 131
135 132
135 133
135 134
136 130
136 131
136 132
136 133
136 134
136 135
137 130
137 131
137 132
137 133
137 134
137 135
136 137
138 130
138 131
138 132
138 133
138 134
138 135
138 136
138 137
139 130
139 131
139 132
139 133
139 134
139 135
139 136
139 137
139 138
140 130
140 131
140 132
140 133
140 134
140 135
140 136
140 137
140 138
140 139
141 130
141 131
141 132
141 133
141 134
141 135
141 136
141 137
141 138
141 139
141 140
142 131
142 132
142 133
142 134
142 135
142 136
142 137
142 138
142 139
142 140
142 141
143 131
143 132
143 133
143 134
143 135
143 136
143 137
143 138
143 139
143 140
143 141
142 143
144 131
144 132
144 133
144 134
144 135
144 136
144 137
144 138
144 139
144 140
144 141
144 142
144 143
145 131
145 132
145 133
145 134
145 135
145 136
145 137
145 138
145 139
145 140
145 141
145 142
145 143
146 131
146 132
146 133
146 134
146 135
146 136
146 137
146 138
146 139
146 140
146 141
146 142
146 143
147 131
147 132
147 133
147 134
147 135
147 136
147 137
147 138
147 139
147 140
147 141
147 142
147 143
144 145
144 146
144 147
145 146
145 147
146 147
148 132
148 134
148 135
148 136
148 138
148 139
148 140
148 141
148 142
148 143
148 144
148 145
148 146
149 133
149 134
149 135
149 136
149 137
149 138
149 139
149 140
149 141
149 142
149 143
149 144
149 145
149 146
149 147
149 148
150 133
150 134
150 135
150 136
150 137
150 138
150 139
150 140
150 141
150 142
150 143
150 144
150 145
150 146
150 147
150 148
149 150
151 133
151 134
151 135
151 136
151 137
151 138
151 139
151 140
151 141
151 142
151 143
151 144
151 145
151 146
151 147
151 148
151 149
151 150
152 133
152 134
152 135
152 136
152 137
152 138
152 139
152 140
152 141
152 142
152 143
152 144
152 145
152 146
152 147
152 149
152 150
153 133
153 134
153 135
153 136
153 137
153 138
153 139
153 140
153 141
153 142
153 143
153 144
153 145
153 146
153 147
153 148
153 149
153 150
151 153
152 153
154 136
154 137
154 138
154 139
154 140
154 141
154 142
154 143
154 144
154 145
154 146
154 147
154 148
154 149
154 150
154 151
154 152
154 153
155 136
155 137
155 138
155 139
155 140
155 141
155 142
155 143
155 144
155 145
155 146
155 147
155 149
155 150
155 152
155 153
155 154
156 139
156 140
156 141
156 142
156 144
156 145
156 146
156 148
156 149
156 150
156 151
157 138
157 139
157 140
157 141
157 142
157 143
157 144
157 145
157 146
157 147
157 148
157 149
157 150
157 152
157 153
157 154
157 155
158 139
158 140
158 141
158 142
158 143
158 144
158 145
158 146
158 148
158 149
158 150
158 151
158 153
158 154
158 155
158 156
158 157
159 139
159 140
159 141
159 142
159 143
159 144
159 145
159 146
159 147
159 148
159 149
159 150
159 151
159 152
159 153
159 154
159 155
159 156
159 157
159 158
160 140
160 141
160 142
160 143
160 144
160 145
160 146
160 147
160 149
160 152
160 153
160 154
160 155
160 157
160 158
160 159
161 140
161 141
161 142
161 143
161 144
161 145
161 146
161 147
161 149
161 152
161 153
161 154
161 155
161 157
161 158
161 159
161 160
162 142
162 143
162 144
162 145
162 146
162 147
162 152
162 153
162 154
162 155
162 157
162 158
162 159
162 160
162 161
163 148
163 149
163 150
163 152
163 153
163 154
163 155
163 156
163 157
163 158
163 159
163 160
163 161
163 162
164 152
164 153
164 154
164 155
164 157
164 158
164 159
164 160
164 161
164 162
164 163
165 155
165 157
165 158
165 159
165 160
165 161
165 162
165 163
165 164
166 156
166 157
166 158
166 159
166 160
166 161
166 162
166 163
166 164
166 165
167 157
167 158
167 159
167 160
167 161
167 162
167 163
167 164
167 165
166 167
168 161
168 162
168 163
168 164
168 165
168 166
168 167
169 162
169 163
169 164
169 165
169 166
169 167
169 168
170 162
170 163
170 164
170 165
170 166
170 167
170 168
170 169
171 162
171 163
171 164
171 165
171 166
171 167
171 168
171 169
170 171
172 164
172 165
172 166
172 167
172 168
172 169
172 170
172 171
173 164
173 165
173 166
173 167
173 168
173 169
173 170
173 171
172 173
174 165
174 166
174 167
174 168
174 169
174 170
174 171
174 172
174 173
175 168
175 169
175 170
175 171
175 172
175 173
175 174
176 170
176 171
176 172
176 173
176 174
176 175
177 172
177 173
177 174
177 175
177 176
178 172
178 173
178 174
178 175
178 176
178 177
179 172
179 173
179 174
179 175
179 176
179 177
179 178
180 174
180 175
180 176
180 177
180 178
180 179
181 175
181 176
181 177
181 178
181 179
181 180
182 175
182 176
182 177
182 178
182 179
182 180
183 175
183 176
183 177
183 178
183 179
183 180
181 182
181 183
182 183
184 175
184 176
184 177
184 178
184 179
184 180
184 181
184 182
184 183
185 175
185 176
185 177
185 178
185 179
185 180
185 181
185 182
185 183
185 184
186 175
186 176
186 177
186 178
186 179
186 180
186 181
186 182
186 183
186 184
186 185
187 176
187 177
187 178
187 179
187 180
187 181
187 182
187 183
187 184
187 185
187 186
188 176
188 177
188 178
188 179
188 180
188 181
188 182
188 183
188 184
188 185
188 186
187 188
189 176
189 177
189 178
189 179
189 180
189 181
189 182
189 183
189 184
189 185
189 186
189 187
189 188
190 176
190 177
190 178
190 179
190 180
190 181
190 182
190 183
190 184
190 185
190 186
190 187
190 188
189 190
191 177
191 178
191 179
191 180
191 181
191 182
191 183
191 184
191 185
191 186
191 187
191 188
191 189
191 190
192 178
192 179
192 180
192 181
192 182
192 183
192 184
192 185
192 186
192 187
192 188
192 189
192 190
192 191
193 178
193 179
193 180
193 181
193 182
193 183
193 184
193 185
193 186
193 187
193 188
193 189
193 190
193 191
192 193
194 178
194 179
194 180
194 181
194 182
194 183
194 184
194 185
194 186
194 187
194 188
194 189
194 190
194 191
194 192
194 193
195 180
195 181
195 182
195 183
195 184
195 185
195 186
195 187
195 188
195 189
195 190
195 191
195 192
195 193
195 194
196 180
196 181
196 182
196 183
196 184
196 185
196 186
196 187
196 188
196 189
196 190
196 191
196 192
196 193
196 194
196 195
197 180
197 181
197 182
197 183
197 184
197 185
197 186
197 187
197 188
197 189
197 190
197 191
197 192
197 193
197 194
197 195
197 196
198 181
198 182
198 183
198 184
198 186
198 189
198 191
198 194
198 196
199 181
199 182
199 183
199 184
199 185
199 186
199 187
199 189
199 190
199 191
199 192
199 194
199 195
199 196
199 197
199 198
200 181
200 182
200 183
200 184
200 185
200 186
200 187
200 188
200 189
200 190
200 191
200 192
200 193
200 194
200 195
200 196
200 197
199 200
201 184
201 185
201 186
201 187
201 188
201 189
201 190
201 191
201 192
201 193
201 194
201 195
201 196
201 197
201 198
201 199
201 200
202 186
202 187
202 188
202 189
202 190
202 191
202 192
202 193
202 194
202 195
202 196
202 197
202 199
202 200
202 201
203 187
203 188
203 189
203 190
203 191
203 192
203 193
203 194
203 195
203 196
203 197
203 198
203 199
203 200
203 201
203 202
204 187
204 188
204 189
204 190
204 191
204 192
204 193
204 194
204 195
204 196
204 197
204 198
204 199
204 200
204 201
204 202
204 203
205 189
205 190
205 191
205 192
205 193
205 194
205 195
205 196
205 197
205 198
205 199
205 200
205 201
205 202
205 203
205 204
206 189
206 190
206 191
206 192
206 193
206 194
206 195
206 196
206 197
206 198
206 199
206 200
206 201
206 202
206 203
206 204
206 205
207 195
207 196
207 197
207 198
207 199
207 200
207 201
207 202
207 203
207 204
207 205
207 206
208 195
208 196
208 197
208 198
208 199
208 200
208 201
208 202
208 203
208 204
208 205
208 206
208 207
209 195
209 196
209 197
209 198
209 199
209 200
209 201
209 202
209 203
209 204
209 205
209 206
209 207
208 209
210 197
210 199
210 200
210 201
210 202
210 203
210 204
210 205
210 206
210 207
210 208
210 209
211 202
211 203
211 204
211 205
211 206
211 207
211 208
211 209
211 210
212 203
212 205
212 206
212 207
212 208
212 209
212 210
212 211
213 205
213 206
213 207
213 208
213 209
213 210
213 211
213 212
214 205
214 206
214 207
214 208
214 209
214 210
214 211
214 212
214 213
215 207
215 208
215 209
215 210
215 211
215 212
215 213
215 214
216 207
216 208
216 209
216 210
216 211
216 212
216 213
216 214
216 215
217 207
217 208
217 209
217 210
217 211
217 212
217 213
217 214
217 215
216 217
218 207
218 208
218 209
218 210
218 211
218 212
218 213
218 214
218 215
218 216
218 217
219 207
219 208
219 209
219 210
219 211
219 212
219 213
219 214
219 215
219 216
219 217
219 218
220 207
220 208
220 209
220 210
220 211
220 212
220 213
220 214
220 215
220 216
220 217
220 218
220 219
221 207
221 208
221 209
221 210
221 211
221 212
221 213
221 214
221 215
221 216
221 217
221 218
221 219
220 221
222 208
222 209
222 210
222 211
222 212
222 213
222 214
222 215
222 216
222 217
222 218
222 219
222 220
222 221
223 210
223 211
223 212
223 213
223 214
223 215
223 216
223 217
223 218
223 219
223 220
223 221
223 222
224 211
224 212
224 213
224 214
224 215
224 216
224 217
224 218
224 219
224 220
224 221
224 222
224 223
225 211
225 212
225 213
225 214
225 215
225 216
225 217
225 218
225 219
225 220
225 221
225 222
225 223
225 224
226 212
226 213
226 214
226 215
226 216
226 217
226 218
226 219
226 220
226 221
226 222
226 223
226 224
226 225
227 213
227 214
227 215
227 216
227 217
227 218
227 219
227 220
227 221
227 222
227 223
227 224
227 225
227 226
228 213
228 214
228 215
228 216
228 217
228 218
228 219
228 220
228 221
228 222
228 223
228 224
228 225
228 226
228 227
229 215
229 216
229 217
229 218
229 219
229 220
229 221
229 222
229 223
229 224
229 225
229 226
229 227
229 228
230 216
230 217
230 218
230 219
230 220
230 221
230 222
230 223
230 224
230 225
230 226
230 227
230 228
230 229
231 216
231 217
231 218
231 219
231 220
231 221
231 222
231 223
231 224
231 225
231 226
231 227
231 228
231 229
232 216
232 217
232 218
232 219
232 220
232 221
232 222
232 223
232 224
232 225
232 226
232 227
232 228
232 229
230 231
230 232
231 232
233 218
233 219
233 220
233 221
233 222
233 223
233 224
233 225
233 226
233 227
233 228
233 229
233 230
233 231
233 232
234 219
234 220
234 221
234 222
234 223
234 224
234 225
234 226
234 227
234 228
234 229
234 230
234 231
234 232
234 233
235 223
235 224
235 225
235 226
235 227
235 228
235 229
235 230
235 231
235 232
235 233
235 234
236 223
236 224
236 225
236 226
236 227
236 228
236 229
236 230
236 231
236 232
236 233
236 234
236 235
237 224
237 225
237 226
237 227
237 228
237 229
237 230
237 231
237 232
237 233
237 234
237 235
237 236
238 224
238 225
238 226
238 227
238 228
238 229
238 230
238 231
238 232
238 233
238 234
238 235
238 236
238 237
239 224
239 225
239 226
239 227
239 228
239 229
239 230
239 231
239 232
239 233
239 234
239 235
239 236
239 237
238 239
240 225
240 226
240 227
240 228
240 229
240 230
240 231
240 232
240 233
240 234
240 235
240 236
240 237
240 238
240 239
241 234
241 235
241 236
241 237
241 238
241 239
241 240
242 235
242 236
242 237
242 238
242 239
242 240
242 241
243 235
243 236
243 237
243 238
243 239
243 240
243 241
243 242
244 235
244 236
244 237
244 238
244 239
244 240
244 241
244 242
244 243
245 235
245 236
245 237
245 238
245 239
245 240
245 241
245 242
245 243
245 244
246 235
246 236
246 237
246 238
246 239
246 240
246 241
246 242
246 243
246 244
245 246
247 236
247 237
247 238
247 239
247 240
247 241
247 242
247 243
247 244
247 245
247 246
248 237
248 238
248 239
248 240
248 241
248 242
248 243
248 244
248 245
248 246
248 247
249 238
249 239
249 240
249 241
249 242
249 243
249 244
249 245
249 246
249 247
249 248
250 238
250 239
250 240
250 241
250 242
250 243
250 244
250 245
250 246
250 247
250 248
250 249
251 240
251 241
251 242
251 243
251 244
251 245
251 246
251 247
251 248
251 249
251 250
252 240
252 241
252 242
252 243
252 244
252 245
252 246
252 247
252 248
252 249
252 250
252 251
253 240
253 241
253 242
253 243
253 244
253 245
253 246
253 247
253 248
253 249
253 250
253 251
253 252
254 241
254 242
254 243
254 244
254 245
254 246
254 247
254 248
254 249
254 250
254 251
254 252
254 253
255 241
255 242
255 243
255 244
255 245
255 246
255 247
255 248
255 249
255 250
255 251
255 252
255 253
255 254
256 241
256 242
256 243
256 244
256 245
256 246
256 247
256 248
256 249
256 250
256 251
256 252
256 253
256 254
256 255
257 241
257 242
257 243
257 244
257 245
257 246
257 247
257 248
257 249
257 250
257 251
257 252
257 253
257 254
257 255
257 256
258 241
258 242
258 243
258 244
258 245
258 246
258 247
258 248
258 249
258 250
258 251
258 252
258 253
258 254
258 255
258 256
258 257
259 241
259 242
259 243
259 244
259 245
259 246
259 247
259 248
259 249
259 250
259 251
259 252
259 253
259 254
259 255
259 256
259 257
259 258
260 241
260 242
260 243
260 244
260 245
260 246
260 247
260 248
260 249
260 250
260 251
260 252
260 253
260 254
260 255
260 256
260 257
260 258
261 241
261 242
261 243
261 244
261 245
261 246
261 247
261 248
261 249
261 250
261 251
261 252
261 253
261 254
261 255
261 256
261 257
261 258
259 260
259 261
260 261
262 241
262 242
262 243
262 244
262 245
262 246
262 247
262 248
262 249
262 250
262 251
262 252
262 253
262 254
262 255
262 256
262 257
262 258
262 259
262 260
262 261
263 241
263 242
263 243
263 244
263 245
263 246
263 247
263 248
263 249
263 250
263 251
263 252
263 253
263 254
263 255
263 256
263 257
263 258
263 259
263 260
263 261
262 263
264 243
264 244
264 245
264 246
264 247
264 248
264 249
264 250
264 251
264 252
264 253
264 254
264 255
264 256
264 257
264 258
264 259
264 260
264 261
264 262
264 263
265 243
265 244
265 245
265 246
265 247
265 248
265 249
265 250
265 251
265 252
265 253
265 254
265 255
265 256
265 257
265 258
265 259
265 260
265 261
265 262
265 263
264 265
266 245
266 246
266 247
266 248
266 249
266 250
266 251
266 252
266 253
266 254
266 255
266 256
266 257
266 258
266 259
266 260
266 261
266 262
266 263
266 264
266 265
267 251
267 252
267 253
267 254
267 255
267 256
267 257
267 258
267 259
267 260
267 261
267 262
267 263
267 264
267 265
267 266
268 252
268 253
268 254
268 255
268 256
268 257
268 258
268 259
268 260
268 261
268 262
268 263
268 264
268 265
268 266
268 267
269 252
269 253
269 254
269 255
269 256
269 257
269 258
269 259
269 260
269 261
269 262
269 263
269 264
269 265
269 266
269 267
270 252
270 253
270 254
270 255
270 256
270 257
270 258
270 259
270 260
270 261
270 262
270 263
270 264
270 265
270 266
270 267
268 269
268 270
269 270
271 255
271 256
271 257
271 258
271 259
271 260
271 261
271 262
271 263
271 264
271 265
271 266
271 267
271 268
271 269
271 270
272 264
272 265
272 266
272 267
272 268
272 269
272 270
272 271
273 267
273 268
273 269
273 270
273 271
273 272
274 267
274 268
274 269
274 270
274 271
274 272
274 273
275 271
275 272
275 273
275 274
276 272
276 273
276 274
276 275
277 272
277 273
277 274
277 275
278 272
278 273
278 274
278 275
276 277
276 278
277 278
279 272
279 273
279 274
279 275
279 276
279 277
279 278
280 272
280 273
280 274
280 275
280 276
280 277
280 278
280 279
281 274
281 275
281 276
281 277
281 278
281 279
281 280
282 274
282 275
282 276
282 277
282 278
282 279
282 280
282 281
283 275
283 277
283 278
283 279
283 280
283 281
283 282
284 276
284 277
284 278
284 279
284 280
284 281
284 282
284 283
285 276
285 277
285 278
285 279
285 280
285 281
285 282
285 283
285 284
286 283
286 284
286 285
287 283
287 284
287 285
287 286
288 283
288 284
288 285
288 286
288 287
289 286
289 287
289 288
290 286
290 287
290 288
290 289
291 286
291 287
291 288
291 289
292 286
292 287
292 288
292 289
292 290
292 291
293 288
293 289
293 290
293 291
293 292
294 289
294 291
294 292
294 293
295 289
295 290
295 291
295 292
295 293
295 294
296 289
296 290
296 291
296 292
296 293
296 294
296 295
297 291
297 292
297 293
297 294
297 295
297 296
298 291
298 292
298 293
298 294
298 295
298 296
297 298
299 291
299 292
299 293
299 294
299 295
299 296
299 297
299 298
300 292
300 293
300 294
300 295
300 296
300 297
300 298
300 299
301 293
301 294
301 295
301 296
301 297
301 298
301 299
301 300
302 295
302 296
302 297
302 298
302 299
302 300
302 301
303 295
303 296
303 297
303 298
303 299
303 300
303 301
303 302
304 299
304 300
304 301
304 302
304 303
305 299
305 300
305 301
305 302
305 303
305 304
306 299
306 300
306 301
306 302
306 303
306 304
306 305
307 301
307 302
307 303
307 304
307 305
307 306
308 304
308 305
308 306
308 307
309 304
309 305
309 306
309 307
309 308
310 304
310 305
310 306
310 307
310 308
310 309
311 304
311 305
311 306
311 307
311 308
311 309
310 311
312 306
312 307
312 308
312 309
312 310
312 311
313 307
313 308
313 309
313 310
313 311
313 312
314 308
314 309
314 310
314 311
314 312
314 313
315 308
315 309
315 310
315 311
315 312
315 313
315 314
316 309
316 310
316 311
316 312
316 313
316 314
316 315
317 312
317 313
317 314
317 315
317 316
318 312
318 313
318 314
318 315
318 316
317 318
319 312
319 313
319 314
319 315
319 316
319 317
319 318
320 312
320 313
320 314
320 315
320 316
320 317
320 318
320 319
321 314
321 315
321 316
321 317
321 318
321 319
321 320
322 315
322 316
322 317
322 318
322 319
322 320
322 321
323 316
323 317
323 318
323 319
323 320
323 321
323 322
324 322
324 323
325 322
325 323
325 324
326 324
326 325
327 324
327 325
327 326
328 325
328 326
328 327
329 326
329 327
329 328
330 329
331 329
331 330
332 329
332 330
331 332
333 329
333 330
333 331
333 332
334 329
334 330
334 331
334 332
334 333
335 330
335 331
335 332
335 333
335 334
336 330
336 331
336 332
336 333
336 334
336 335
337 330
337 331
337 332
337 333
337 334
337 335
337 336
338 330
338 331
338 332
338 333
338 334
338 335
338 336
338 337
339 333
339 334
339 335
339 336
339 337
339 338
340 334
340 336
340 339
341 333
341 334
341 335
341 336
341 337
341 338
341 339
342 335
342 336
342 337
342 338
342 339
342 341
343 335
343 336
343 337
343 338
343 339
343 341
342 343
344 335
344 336
344 337
344 338
344 339
344 341
344 342
344 343
345 338
345 341
345 342
345 343
345 344
346 338
346 339
346 340
346 341
346 342
346 343
346 344
346 345
347 345
347 346
348 345
348 346
348 347
349 345
349 346
349 347
349 348
350 347
350 348
350 349
351 347
351 348
351 349
351 350
352 350
352 351
353 351
353 352
354 352
354 353
355 352
355 353
355 354
356 352
356 353
356 354
356 355
357 353
357 354
357 355
357 356
358 353
358 354
358 355
358 356
358 357
359 354
359 355
359 356
359 357
359 358
360 357
360 358
360 359
361 357
361 358
361 359
361 360
362 357
362 358
362 359
362 360
362 361
363 359
363 360
363 361
363 362
364 359
364 360
364 361
364 362
363 364
365 359
365 360
365 361
365 362
365 363
365 364
366 360
366 361
366 362
366 363
366 364
366 365
367 360
367 361
367 362
367 363
367 365
367 366
368 360
368 361
368 362
368 363
368 364
368 365
368 366
368 367
369 363
369 364
369 365
369 366
369 367
369 368
370 363
370 364
370 365
370 366
370 367
370 368
369 370
371 366
371 367
371 368
371 369
371 370
372 368
372 369
372 370
372 371
373 369
373 370
373 371
373 372
374 369
374 370
374 371
374 372
374 373
375 369
375 370
375 371
375 372
375 373
375 374
376 369
376 370
376 371
376 372
376 373
376 374
376 375
377 369
377 370
377 371
377 372
377 373
377 374
377 375
377 376
378 369
378 370
378 371
378 372
378 373
378 374
378 375
378 376
378 377
379 372
379 373
379 374
379 375
379 376
379 377
379 378
380 373
380 374
380 375
380 376
380 377
380 378
380 379
381 373
381 374
381 375
381 376
381 377
381 378
381 379
381 380
382 374
382 375
382 376
382 377
382 378
382 379
382 380
382 381
383 379
383 380
383 381
383 382
384 379
384 380
384 381
384 382
384 383
385 380
385 381
385 382
385 383
385 384
386 383
386 384
386 385
387 383
387 384
387 385
386 387
388 383
388 384
388 385
388 386
388 387
389 385
389 388
390 383
390 384
390 385
390 386
390 387
390 388
391 385
391 386
391 387
391 388
391 390
392 385
392 386
392 387
392 388
392 389
392 390
392 391
393 385
393 386
393 387
393 388
393 389
393 390
393 391
394 385
394 386
394 387
394 388
394 390
394 391
392 393
392 394
393 394
395 386
395 387
395 388
395 391
395 392
395 393
395 394
396 386
396 387
396 388
396 389
396 390
396 391
396 392
396 393
396 394
396 395
397 388
397 389
397 390
397 391
397 392
397 393
397 394
397 396
398 390
398 391
398 394
398 397
399 391
399 393
399 394
399 397
399 398
400 396
400 397
400 398
400 399
401 398
401 399
401 400
402 399
402 400
402 401
403 400
403 401
403 402
404 400
404 401
404 402
404 403
405 401
405 402
405 403
405 404
406 401
406 402
406 403
406 404
406 405
407 401
407 402
407 403
407 404
407 405
407 406
408 401
408 402
408 403
408 404
408 405
408 406
408 407
409 402
409 403
409 404
409 405
409 406
409 407
409 408
410 402
410 403
410 404
410 405
410 406
410 407
410 408
410 409
411 403
411 404
411 405
411 406
411 407
411 408
411 409
411 410
412 405
412 406
412 407
412 408
412 409
412 410
412 411
413 407
413 408
413 409
413 410
413 411
413 412
414 409
414 410
414 411
414 412
414 413
415 412
415 413
415 414
416 413
416 414
416 415
417 414
417 415
417 416
418 414
418 415
418 416
418 417
419 415
419 416
419 417
419 418
420 416
420 417
420 418
420 419
421 416
421 417
421 418
421 419
421 420
422 418
422 419
422 420
422 421
424 418
424 419
424 420
424 421
424 422
425 420
425 421
425 422
425 424
426 420
426 421
426 422
426 424
426 425
427 422
427 424
427 425
427 426
428 422
428 423
429 423
429 424
429 425
429 426
429 427
429 428
430 424
430 425
430 426
430 427
430 428
430 429
431 425
431 426
431 427
431 429
431 430
432 427
432 428
432 429
432 430
432 431
433 427
433 428
433 429
433 430
433 431
433 432
434 427
434 428
434 429
434 430
434 431
434 432
433 434
435 429
435 430
435 431
435 432
435 433
435 434
436 431
436 432
436 433
436 434
436 435
437 431
437 432
437 433
437 434
437 435
437 436
438 431
438 432
438 433
438 434
438 435
438 436
438 437
439 432
439 433
439 434
439 435
439 436
439 437
439 438
440 432
440 433
440 434
440 435
440 436
440 437
440 438
440 439
441 435
441 436
441 437
441 438
441 439
441 440
442 435
442 436
442 437
442 438
442 439
442 440
441 442
443 436
443 437
443 438
443 439
443 440
443 441
443 442
444 437
444 438
444 439
444 440
444 441
444 442
444 443
445 438
445 439
445 440
445 441
445 442
445 443
445 444
446 438
446 439
446 440
446 441
446 442
446 443
446 444
445 446
447 441
447 442
447 443
447 444
447 445
447 446
448 442
448 443
448 444
448 445
449 444
449 445
449 446
449 447
449 448
450 444
450 445
450 446
450 447
450 449
451 445
451 446
451 447
451 448
451 449
451 450
452 447
452 449
452 450
452 451
453 447
453 448
453 449
453 450
453 451
453 452
454 447
454 448
454 449
454 450
454 451
454 452
453 454
455 448
455 449
455 450
455 451
455 452
455 453
455 454
456 449
456 450
456 451
456 452
456 453
456 454
456 455
457 448
457 449
457 450
457 451
457 452
457 453
457 454
457 455
457 456
458 451
458 452
458 453
458 454
458 455
458 456
458 457
459 451
459 452
459 453
459 454
459 455
459 456
459 457
459 458
460 452
460 453
460 454
460 455
460 456
460 457
460 458
460 459
461 455
461 456
461 457
461 458
461 459
461 460
462 458
462 459
462 460
462 461
463 458
463 459
463 460
463 461
463 462
464 458
464 459
464 460
464 461
464 462
463 464
465 458
465 459
465 460
465 461
465 462
465 463
465 464
466 462
466 463
466 464
466 465
467 462
467 463
467 464
467 465
467 466
468 462
468 463
468 464
468 465
468 466
468 467
469 462
469 463
469 464
469 465
469 466
469 467
468 469
470 462
470 463
470 464
470 465
470 466
470 467
470 468
470 469
471 465
471 466
471 467
471 468
471 469
471 470
472 466
472 467
472 468
472 469
472 470
472 471
473 466
473 467
473 468
473 469
473 470
473 471
473 472
474 466
474 467
474 468
474 469
474 470
474 471
474 472
474 473
475 468
475 469
475 470
475 471
475 472
475 473
475 474
476 470
476 471
476 472
476 473
476 474
476 475
477 472
477 473
477 474
477 475
477 476
478 472
478 473
478 475
478 476
478 477
479 473
479 474
479 475
479 476
479 477
479 478
480 475
480 476
480 477
480 478
480 479
481 476
481 477
481 478
481 479
481 480
482 476
482 477
482 478
482 479
482 480
482 481
483 477
483 478
483 479
483 480
483 481
483 482
484 477
484 478
484 479
484 480
484 481
484 482
484 483
485 477
485 478
485 479
485 480
485 481
485 482
485 483
485 484
486 478
486 479
486 480
486 481
486 482
486 483
486 484
486 485
487 479
487 480
487 481
487 482
487 483
487 484
487 485
487 486
488 479
488 480
488 483
488 484
488 485
488 486
488 487
489 480
489 481
489 482
489 483
489 484
489 485
489 486
489 487
489 488
490 480
490 481
490 482
490 483
490 484
490 485
490 486
490 487
490 488
489 490
491 481
491 482
491 483
491 484
491 485
491 486
491 487
491 488
491 489
491 490
492 484
492 485
492 486
492 487
492 488
492 489
492 490
492 491
493 488
493 489
493 490
493 491
493 492
494 491
494 492
494 493
495 492
495 493
495 494
496 492
496 493
496 494
496 495
497 492
497 493
497 494
497 495
497 496
498 493
498 494
498 495
498 496
498 497
499 494
499 495
499 496
499 497
499 498
500 495
500 496
500 497
500 498
500 499
501 500
503 502
504 502
504 503
505 502
505 503
505 504
506 502
506 503
506 504
505 506
507 502
507 503
507 504
507 505
507 506
508 502
508 503
508 504
508 505
508 506
508 507
509 502
509 503
509 504
509 505
509 506
509 507
509 508
510 502
510 503
510 504
510 505
510 506
510 507
510 508
510 509
511 502
511 503
511 504
511 505
511 506
511 507
511 508
511 509
511 510
512 502
512 503
512 504
512 505
512 506
512 507
512 508
512 509
512 510
512 511
513 503
513 504
513 505
513 506
513 507
513 508
513 509
513 510
513 511
513 512
514 503
514 504
514 505
514 506
514 507
514 508
514 509
514 510
514 511
514 512
514 513
515 513
515 514
516 513
516 514
515 516
517 515
517 516
518 515
518 516
518 517
519 515
519 516
519 517
518 519
520 515
520 516
520 517
520 518
520 519
521 515
521 516
521 517
521 518
521 519
521 520
522 515
522 516
522 517
522 518
522 519
522 520
522 521
523 517
523 518
523 519
523 520
523 521
523 522
524 522
524 523
525 523
525 524
526 523
526 524
526 525
527 523
527 524
527 525
526 527
528 523
528 524
528 525
528 526
528 527
529 526
529 527
529 528
530 524
530 525
530 526
530 527
530 528
530 529
531 524
531 525
531 526
531 527
531 528
531 530
532 524
532 525
532 526
532 527
532 528
532 529
532 530
532 531
533 526
533 527
533 528
533 529
533 530
533 531
533 532
534 530
534 531
534 532
535 530
535 531
535 532
534 535
536 530
536 531
536 532
536 534
536 535
537 530
537 531
537 532
537 533
537 534
537 535
537 536
538 531
538 532
538 534
538 535
538 536
538 537
539 534
539 535
539 536
539 537
539 538
540 534
540 535
540 536
540 537
540 538
540 539
541 534
541 535
541 536
541 537
541 538
541 539
541 540
542 534
542 535
542 536
542 537
542 538
542 539
542 540
542 541
543 534
543 535
543 536
543 537
543 538
543 539
543 540
543 541
543 542
544 534
544 535
544 536
544 537
544 538
544 539
544 540
544 541
544 542
543 544
545 534
545 535
545 536
545 537
545 538
545 539
545 540
545 541
545 542
545 543
545 544
546 537
546 538
546 539
546 540
546 541
546 542
546 543
546 544
546 545
547 538
547 539
547 540
547 541
547 542
547 543
547 544
547 545
547 546
548 539
548 540
548 541
548 542
548 543
548 544
548 545
548 546
548 547
549 542
549 543
549 544
549 545
549 546
549 547
549 548
550 543
550 544
550 545
550 546
550 547
550 548
550 549
551 546
551 547
551 548
551 549
551 550
552 548
552 549
552 550
552 551
553 549
553 550
553 551
553 552
554 549
554 550
554 551
554 552
553 554
555 550
555 551
555 552
555 553
555 554
556 551
556 552
556 553
556 554
556 555
557 552
557 553
557 554
557 555
557 556
558 552
558 553
558 554
558 555
558 556
558 557
559 553
559 554
559 555
559 556
559 557
559 558
560 553
560 554
560 555
560 556
560 557
560 558
560 559
561 553
561 554
561 555
561 556
561 557
561 558
561 559
561 560
562 555
562 556
562 557
562 558
562 559
562 560
562 561
563 555
563 556
563 557
563 558
563 559
563 560
563 561
563 562
564 555
564 556
564 557
564 558
564 559
564 560
564 561
564 562
564 563
565 555
565 556
565 557
565 558
565 559
565 560
565 561
565 562
565 563
565 564
566 556
566 557
566 558
566 559
566 560
566 561
566 562
566 563
566 564
566 565
567 557
567 558
567 559
567 560
567 561
567 562
567 563
567 564
567 565
567 566
568 558
568 559
568 560
568 561
568 562
568 563
568 564
568 565
568 566
568 567
569 558
569 559
569 560
569 561
569 562
569 563
569 564
569 565
569 566
569 567
569 568
570 558
570 559
570 560
570 561
570 562
570 563
570 564
570 565
570 566
570 567
570 568
570 569
571 560
571 561
571 562
571 563
571 564
571 565
571 566
571 567
571 568
571 569
571 570
572 560
572 561
572 562
572 563
572 564
572 565
572 566
572 567
572 568
572 569
572 570
571 572
573 561
573 562
573 563
573 564
573 565
573 566
573 567
573 568
573 569
573 570
573 571
573 572
574 564
574 565
574 566
574 567
574 568
574 569
574 570
574 571
574 572
574 573
575 565
575 566
575 567
575 568
575 569
575 570
575 571
575 572
575 573
575 574
576 566
576 567
576 568
576 569
576 570
576 571
576 572
576 573
576 574
576 575
577 566
577 567
577 568
577 569
577 570
577 571
577 572
577 573
577 574
577 575
576 577
578 566
578 567
578 568
578 569
578 570
578 571
578 572
578 573
578 574
578 575
578 576
578 577
579 567
579 568
579 569
579 570
579 571
579 572
579 573
579 574
579 575
579 576
579 577
579 578
580 568
580 569
580 570
580 571
580 572
580 573
580 574
580 575
580 576
580 577
580 578
580 579
581 568
581 569
581 570
581 571
581 572
581 573
581 574
581 575
581 576
581 577
581 578
581 579
581 580
582 574
582 575
582 576
582 577
582 578
582 579
582 580
582 581
583 574
583 575
583 576
583 577
583 578
583 579
583 580
583 581
583 582
584 574
584 575
584 576
584 577
584 578
584 579
584 580
584 581
584 582
585 574
585 575
585 576
585 577
585 578
585 579
585 580
585 581
585 582
583 584
583 585
584 585
586 575
586 576
586 577
586 578
586 579
586 580
586 581
586 582
586 583
586 584
586 585
587 576
587 577
587 578
587 579
587 580
587 581
587 582
587 583
587 584
587 585
587 586
588 580
588 581
588 582
588 583
588 584
588 585
588 586
588 587
589 582
589 583
589 584
589 585
589 586
589 587
589 588
590 582
590 583
590 584
590 585
590 586
590 587
590 588
590 589
591 586
591 587
591 588
591 589
591 590
592 586
592 587
592 588
592 589
592 590
592 591
593 588
593 589
593 590
593 591
593 592
594 589
594 590
594 591
594 592
594 593
595 591
595 592
595 593
595 594
596 593
596 594
596 595
597 595
597 596
598 595
598 596
598 597
599 596
599 597
599 598
600 596
600 597
600 598
600 599
601 597
601 598
601 599
601 600
602 597
602 598
602 599
602 600
602 601
603 598
603 599
603 600
603 601
603 602
604 599
604 600
604 601
604 602
604 603
605 599
605 600
605 601
605 602
605 603
605 604
606 601
606 602
606 603
606 604
606 605
607 602
607 603
607 604
607 605
607 606
608 602
608 603
608 604
608 605
608 606
608 607
609 602
609 603
609 604
609 605
609 606
609 607
609 608
610 602
610 603
610 604
610 605
610 606
610 607
610 608
610 609
611 605
611 606
611 607
611 608
611 609
611 610
612 606
612 607
612 608
612 609
612 610
612 611
613 608
613 609
613 610
613 611
613 612
614 608
614 609
614 610
614 611
614 612
614 613
615 609
615 610
615 611
615 612
615 613
615 614
616 611
616 612
616 613
616 614
616 615
617 611
617 612
617 613
617 614
617 615
617 616
618 611
618 612
618 613
618 614
618 615
618 616
618 617
619 613
619 614
619 615
619 616
619 617
619 618
620 613
620 614
620 615
620 616
620 617
620 618
619 620
621 615
621 616
621 617
621 618
621 619
621 620
622 616
622 617
622 618
622 619
622 620
622 621
623 616
623 617
623 618
623 619
623 620
623 621
623 622
624 619
624 621
624 622
624 623
625 621
625 622
625 623
626 621
626 622
626 623
626 625
627 622
627 623
627 625
627 626
628 621
628 622
628 623
628 625
628 626
629 621
629 622
629 623
629 624
629 625
629 626
627 628
627 629
628 629
630 621
630 622
630 623
630 624
630 626
630 628
630 629
631 621
631 622
631 623
631 625
631 626
631 627
631 628
631 629
631 630
632 622
632 623
632 625
632 626
632 627
632 628
632 629
632 630
632 631
633 622
633 623
633 625
633 626
633 627
633 628
633 629
633 631
633 632
634 625
634 626
634 627
634 628
634 629
634 630
634 631
634 632
634 633
635 625
635 626
635 627
635 628
635 629
635 630
635 631
635 632
635 633
634 635
636 625
636 626
636 627
636 628
636 629
636 630
636 631
636 632
636 633
636 634
636 635
637 625
637 626
637 627
637 628
637 629
637 630
637 631
637 632
637 633
637 634
637 635
637 636
638 625
638 626
638 627
638 628
638 629
638 631
638 632
638 633
638 634
638 635
638 636
638 637
639 634
639 635
639 636
639 637
639 638
640 634
640 635
640 636
640 637
640 638
640 639
641 638
641 639
641 640
642 638
642 639
642 640
642 641
643 639
643 640
643 641
643 642
644 639
644 640
644 641
644 642
644 643
645 639
645 640
645 641
645 642
645 643
645 644
646 639
646 640
646 641
646 642
646 643
646 644
646 645
647 639
647 640
647 641
647 642
647 643
647 644
647 645
646 647
648 639
648 640
648 641
648 642
648 643
648 644
648 645
648 646
648 647
649 639
649 640
649 641
649 642
649 643
649 644
649 645
649 646
649 647
648 649
650 639
650 640
650 641
650 642
650 643
650 644
650 645
650 646
650 647
650 649
651 640
651 641
651 642
651 643
651 644
651 645
651 646
651 647
651 648
651 649
651 650
652 640
652 641
652 642
652 643
652 644
652 645
652 646
652 647
652 648
652 649
652 650
651 652
653 640
653 641
653 642
653 643
653 644
653 645
653 646
653 647
653 648
653 649
653 651
653 652
654 641
654 642
654 643
654 644
654 645
654 647
654 650
654 651
654 652
655 641
655 642
655 643
655 645
655 650
655 651
655 652
656 641
656 642
656 643
656 645
656 650
656 651
656 652
654 655
654 656
655 656
657 644
657 645
657 646
657 647
657 648
657 649
657 650
657 652
657 653
658 649
658 650
658 651
658 652
658 654
658 655
658 656
659 657
660 657
660 658
660 659
661 659
661 660
662 659
662 660
662 661
663 660
663 661
663 662
664 660
664 661
664 662
664 663
665 661
665 662
665 663
665 664
666 661
666 662
666 663
666 664
665 666
667 661
667 662
667 663
667 664
667 665
667 666
668 661
668 662
668 663
668 664
668 665
668 666
667 668
669 661
669 662
669 663
669 664
669 665
669 666
669 667
669 668
670 662
670 663
670 664
670 665
670 666
670 667
670 668
670 669
671 662
671 663
671 664
671 665
671 666
671 667
671 668
671 669
671 670
672 663
672 664
672 665
672 666
672 667
672 668
672 669
672 670
672 671
673 667
673 668
673 669
673 670
673 671
673 672
675 670
675 671
675 672
675 673
675 674
676 670
676 671
676 672
676 673
676 674
676 675
677 670
677 671
677 672
677 673
677 674
677 675
677 676
678 670
678 671
678 672
678 673
678 674
678 675
678 676
678 677
679 671
679 672
679 673
679 674
679 675
679 676
679 677
679 678
680 671
680 672
680 673
680 674
680 675
680 676
680 677
680 678
680 679
681 672
681 673
681 674
681 675
681 676
681 677
681 678
681 679
681 680
682 672
682 673
682 674
682 675
682 676
682 677
682 678
682 679
682 680
681 682
683 673
683 674
683 675
683 676
683 677
683 678
683 679
683 680
683 681
683 682
684 673
684 674
684 675
684 676
684 677
684 678
684 679
684 680
684 681
684 682
683 684
685 673
685 675
685 676
685 677
685 678
685 679
685 680
685 681
685 682
685 683
685 684
686 673
686 674
686 675
686 676
686 677
686 678
686 679
686 680
686 681
686 682
686 683
686 684
686 685
687 673
687 674
687 675
687 676
687 677
687 678
687 679
687 680
687 681
687 682
687 683
687 684
687 685
687 686
688 673
688 674
688 675
688 676
688 677
688 678
688 679
688 680
688 681
688 682
688 683
688 684
688 685
688 686
688 687
689 673
689 674
689 675
689 676
689 677
689 678
689 679
689 680
689 681
689 682
689 683
689 684
689 685
689 686
689 687
689 688
690 674
690 675
690 676
690 677
690 678
690 679
690 680
690 681
690 682
690 683
690 684
690 685
690 686
690 687
690 688
690 689
691 674
691 675
691 676
691 677
691 678
691 679
691 680
691 681
691 682
691 683
691 684
691 685
691 686
691 687
691 688
691 689
690 691
692 675
692 676
692 677
692 678
692 679
692 680
692 681
692 682
692 683
692 684
692 685
692 686
692 687
692 688
692 689
692 690
692 691
693 675
693 676
693 677
693 678
693 679
693 680
693 681
693 682
693 683
693 684
693 685
693 686
693 687
693 688
693 689
693 690
693 691
693 692
694 675
694 676
694 677
694 678
694 679
694 680
694 681
694 682
694 683
694 684
694 685
694 686
694 687
694 688
694 689
694 690
694 691
694 692
694 693
695 675
695 676
695 677
695 678
695 679
695 680
695 681
695 682
695 683
695 684
695 685
695 686
695 687
695 688
695 689
695 690
695 691
695 692
695 693
695 694
696 677
696 678
696 679
696 680
696 681
696 682
696 683
696 684
696 685
696 686
696 687
696 688
696 689
696 690
696 691
696 692
696 693
696 694
696 695
697 681
697 682
697 683
697 684
697 685
697 686
697 687
697 688
697 689
697 690
697 691
697 692
697 693
697 694
697 695
697 696
698 683
698 684
698 685
698 686
698 687
698 688
698 689
698 690
698 691
698 692
698 693
698 694
698 695
698 696
698 697
699 683
699 684
699 685
699 686
699 687
699 688
699 689
699 690
699 691
699 692
699 693
699 694
699 695
699 696
699 697
698 699
700 685
700 686
700 687
700 688
700 689
700 690
700 691
700 692
700 693
700 694
700 695
700 696
700 697
700 698
700 699
701 686
701 687
701 688
701 689
701 690
701 691
701 692
701 693
701 694
701 695
701 696
701 697
701 698
701 699
701 700
702 686
702 687
702 688
702 689
702 690
702 691
702 692
702 693
702 694
702 695
702 696
702 697
702 698
702 699
702 700
701 702
703 686
703 687
703 688
703 689
703 690
703 691
703 692
703 693
703 694
703 695
703 696
703 697
703 698
703 699
703 700
703 701
703 702
704 686
704 687
704 688
704 689
704 690
704 691
704 692
704 693
704 694
704 695
704 696
704 697
704 698
704 699
704 700
704 701
704 702
703 704
705 686
705 687
705 688
705 689
705 690
705 691
705 692
705 693
705 694
705 695
705 696
705 697
705 698
705 699
705 700
705 701
705 702
705 703
705 704
706 688
706 689
706 690
706 691
706 692
706 694
706 695
706 696
706 697
706 698
706 699
706 700
706 701
706 702
706 703
706 704
706 705
707 690
707 691
707 692
707 693
707 694
707 695
707 696
707 697
707 698
707 699
707 700
707 701
707 702
707 703
707 704
707 705
707 706
708 690
708 691
708 692
708 693
708 694
708 695
708 696
708 697
708 698
708 699
708 700
708 701
708 702
708 703
708 704
708 705
708 706
707 708
709 697
709 698
709 699
709 700
709 701
709 702
709 703
709 704
709 705
709 706
709 707
709 708
710 697
710 698
710 699
710 700
710 701
710 702
710 703
710 704
710 705
710 706
710 707
710 708
710 709
711 697
711 698
711 699
711 700
711 701
711 702
711 703
711 704
711 705
711 706
711 707
711 708
711 709
710 711
712 698
712 699
712 700
712 701
712 702
712 703
712 704
712 705
712 706
712 707
712 708
712 709
712 710
712 711
713 698
713 699
713 700
713 701
713 702
713 703
713 704
713 705
713 706
713 707
713 708
713 709
713 710
713 711
712 713
714 701
714 702
714 703
714 704
714 705
714 706
714 707
714 708
714 709
714 710
714 711
714 712
714 713
715 706
715 707
715 708
715 709
715 710
715 711
715 712
715 713
715 714
716 709
716 710
716 711
716 712
716 713
716 714
716 715
717 709
717 710
717 711
717 712
717 713
717 714
717 715
716 717
718 709
718 710
718 711
718 712
718 713
718 714
718 717
719 709
719 710
719 711
719 712
719 713
719 714
719 715
719 716
719 717
720 712
720 713
720 714
720 715
720 716
720 717
720 718
720 719
721 716
721 717
721 718
721 719
721 720
722 716
722 717
722 719
722 720
721 722
723 718
723 719
723 720
723 721
723 722
724 718
724 719
724 720
724 721
724 722
724 723
725 718
725 719
725 720
725 721
725 722
725 723
725 724
726 720
726 721
726 722
726 723
726 724
726 725
727 720
727 721
727 722
727 723
727 724
727 725
728 720
728 721
728 722
728 723
728 724
728 725
726 727
726 728
727 728
729 720
729 721
729 722
729 723
729 724
729 725
729 726
729 727
729 728
730 721
730 722
730 723
730 724
730 725
730 726
730 727
730 728
730 729
731 723
731 724
731 725
731 726
731 727
731 728
731 729
731 730
732 724
732 725
732 726
732 727
732 728
732 729
732 730
732 731
733 724
733 725
733 726
733 727
733 728
733 729
733 730
733 731
733 732
734 726
734 727
734 728
734 729
734 730
734 731
734 732
734 733
735 726
735 727
735 728
735 729
735 730
735 731
735 732
735 733
735 734
736 729
736 730
736 731
736 732
736 733
736 734
736 735
737 731
737 732
737 733
737 734
737 735
737 736
738 732
738 733
738 734
738 735
738 736
738 737
739 734
739 735
739 736
739 737
739 738
740 734
740 735
740 736
740 737
740 738
740 739
741 736
741 737
741 738
741 739
741 740
742 736
742 737
742 738
742 739
742 740
742 741
743 736
743 737
743 738
743 739
743 740
743 741
742 743
744 736
744 737
744 738
744 739
744 740
744 741
744 742
744 743
745 737
745 738
745 739
745 740
745 741
745 742
745 743
745 744
746 737
746 738
746 739
746 740
746 741
746 742
746 743
746 744
746 745
747 737
747 738
747 739
747 740
747 741
747 742
747 743
747 744
747 745
747 746
748 737
748 738
748 739
748 740
748 741
748 742
748 743
748 744
748 745
748 746
748 747
749 737
749 738
749 739
749 740
749 741
749 742
749 743
749 744
749 745
749 746
749 747
748 749
750 738
750 739
750 740
750 741
750 742
750 743
750 744
750 745
750 746
750 747
750 748
750 749
751 739
751 740
751 741
751 742
751 743
751 744
751 745
751 746
751 747
751 748
751 749
751 750
752 741
752 742
752 744
752 747
752 748
752 750
752 751
753 741
753 742
753 743
753 744
753 745
753 746
753 747
753 748
753 749
753 750
753 751
753 752
754 741
754 742
754 743
754 744
754 745
754 746
754 747
754 748
754 749
754 750
754 751
754 752
753 754
755 741
755 742
755 743
755 744
755 745
755 746
755 747
755 748
755 749
755 750
755 751
755 753
755 754
756 742
756 743
756 744
756 745
756 746
756 747
756 748
756 749
756 750
756 751
756 753
756 754
756 755
757 747
757 748
757 749
757 750
757 751
757 752
757 753
757 754
757 755
757 756
758 747
758 748
758 749
758 750
758 751
758 752
758 753
758 754
758 755
758 756
757 758
759 748
759 749
759 750
759 751
759 752
759 753
759 754
759 755
759 756
759 757
759 758
760 748
760 749
760 750
760 751
760 752
760 753
760 754
760 755
760 756
760 757
760 758
759 760
761 750
761 751
761 752
761 753
761 754
761 755
761 756
761 757
761 758
761 759
761 760
762 751
762 752
762 753
762 754
762 755
762 756
762 757
762 758
762 759
762 760
762 761
763 751
763 752
763 753
763 754
763 755
763 756
763 757
763 758
763 759
763 760
763 761
763 762
764 751
764 752
764 753
764 754
764 755
764 756
764 757
764 758
764 759
764 760
764 761
764 762
764 763
765 751
765 753
765 754
765 755
765 756
765 757
765 758
765 759
765 760
765 761
765 762
765 763
764 765
766 752
766 753
766 754
766 755
766 756
766 757
766 758
766 759
766 760
766 761
766 762
766 763
766 764
766 765
767 753
767 754
767 755
767 756
767 757
767 758
767 759
767 760
767 761
767 762
767 763
767 764
767 765
767 766
768 753
768 754
768 755
768 756
768 757
768 758
768 759
768 760
768 761
768 762
768 763
768 764
768 765
768 766
768 767
769 753
769 754
769 755
769 756
769 757
769 758
769 759
769 760
769 761
769 762
769 763
769 764
769 765
769 766
769 767
769 768
770 757
770 758
770 759
770 760
770 761
770 762
770 763
770 764
770 765
770 766
770 767
770 768
770 769
771 757
771 758
771 759
771 760
771 761
771 762
771 763
771 764
771 765
771 766
771 767
771 768
771 769
771 770
772 757
772 758
772 759
772 760
772 761
772 762
772 763
772 764
772 765
772 766
772 767
772 768
772 769
772 770
771 772
773 761
773 762
773 763
773 764
773 765
773 766
773 767
773 768
773 769
773 770
773 771
773 772
774 763
774 764
774 765
774 766
774 767
774 768
774 769
774 770
774 771
774 772
774 773
775 766
775 767
775 768
775 769
775 770
775 771
775 772
775 773
775 774
776 768
776 769
776 770
776 771
776 772
776 773
776 774
776 775
777 768
777 769
777 770
777 771
777 772
777 773
777 775
777 776
778 773
778 774
778 775
778 776
778 777
779 773
779 775
779 776
779 777
779 778
780 775
780 776
780 778
781 778
781 779
781 780
783 782
784 782
784 783
785 782
785 783
785 784
786 782
786 783
786 784
785 786
787 782
787 783
787 784
787 785
787 786
788 782
788 783
788 784
788 785
788 786
787 788
789 782
789 783
789 784
789 785
789 786
789 787
789 788
790 782
790 783
790 784
790 785
790 786
790 787
790 788
789 790
791 782
791 783
791 784
791 785
791 786
791 787
791 788
791 789
791 790
792 782
792 783
792 784
792 785
792 786
792 787
792 788
792 789
792 790
791 792
793 782
793 783
793 784
793 785
793 786
793 787
793 788
793 789
793 790
793 791
793 792
794 782
794 783
794 784
794 785
794 786
794 787
794 788
794 789
794 790
794 791
794 792
793 794
795 782
795 783
795 784
795 785
795 786
795 787
795 788
795 789
795 790
795 791
795 792
795 793
795 794
796 782
796 783
796 784
796 785
796 786
796 787
796 788
796 789
796 790
796 791
796 792
796 793
796 794
795 796
797 782
797 783
797 784
797 785
797 786
797 787
797 788
797 789
797 790
797 791
797 792
797 793
797 794
797 795
797 796
798 782
798 783
798 784
798 785
798 786
798 787
798 788
798 789
798 790
798 791
798 792
798 793
798 794
798 795
798 796
799 782
799 783
799 784
799 785
799 786
799 787
799 788
799 789
799 790
799 791
799 792
799 793
799 794
799 795
799 796
797 798
797 799
798 799
800 782
800 783
800 784
800 785
800 786
800 787
800 788
800 789
800 790
800 791
800 792
800 793
800 794
800 795
800 796
800 797
800 798
800 799
801 782
801 783
801 784
801 785
801 786
801 787
801 788
801 789
801 790
801 791
801 792
801 793
801 794
801 795
801 796
801 797
801 798
801 799
801 800
802 783
802 784
802 785
802 786
802 787
802 788
802 789
802 790
802 791
802 792
802 793
802 794
802 795
802 796
802 797
802 798
802 799
802 800
802 801
803 783
803 784
803 785
803 786
803 787
803 788
803 789
803 790
803 791
803 792
803 793
803 794
803 795
803 796
803 797
803 798
803 799
803 800
803 801
803 802
804 800
804 801
804 802
804 803
805 802
805 803
805 804
806 802
806 803
806 804
806 805
807 802
807 803
807 804
807 805
807 806
808 803
808 804
808 805
808 806
808 807
809 804
809 805
809 806
809 807
809 808
810 805
810 806
810 807
810 808
810 809
811 805
811 806
811 807
811 808
811 809
811 810
812 805
812 806
812 807
812 808
812 809
812 810
811 812
813 811
813 812
814 810
814 811
814 812
814 813
815 810
815 811
815 812
815 813
814 815
816 810
816 811
816 812
816 813
816 814
816 815
817 810
817 811
817 812
817 813
817 814
817 815
817 816
818 810
818 811
818 812
818 813
818 814
818 815
818 816
818 817
819 810
819 811
819 812
819 813
819 814
819 815
819 816
819 817
819 818
820 810
820 811
820 812
820 813
820 814
820 815
820 816
820 817
820 818
820 819
821 810
821 811
821 812
821 813
821 814
821 815
821 816
821 817
821 818
821 819
820 821
822 811
822 812
822 813
822 814
822 815
822 816
822 817
822 818
822 819
822 820
822 821
823 814
823 815
823 816
823 817
823 818
823 819
823 820
823 821
823 822
824 823
825 823
825 824
826 823
826 824
825 826
827 823
827 824
827 825
827 826
828 825
828 826
828 827
829 828
830 828
829 830
831 828
831 829
831 830
832 828
832 829
832 830
832 831
833 828
833 829
833 830
833 831
833 832
834 829
834 830
834 831
834 832
834 833
835 831
835 832
835 833
835 834
836 832
836 833
836 834
836 835
837 832
837 833
837 834
837 835
837 836
838 834
838 835
838 836
838 837
839 834
839 835
839 836
839 837
838 839
840 835
840 836
840 837
840 838
840 839
841 835
841 836
841 837
841 838
841 839
841 840
842 835
842 836
842 837
842 838
842 841
843 835
843 836
843 837
843 838
843 839
843 840
843 841
842 843
844 836
844 837
844 838
844 841
844 842
845 837
845 838
845 839
845 840
845 841
845 843
846 838
846 839
846 840
846 841
846 843
846 845
847 838
847 839
847 840
847 843
847 845
847 846
848 840
848 841
848 843
848 845
848 846
848 847
849 840
849 841
849 843
849 845
849 846
849 847
849 848
850 841
850 843
850 845
850 846
850 847
850 848
850 849
851 843
851 845
851 846
851 847
851 848
851 849
851 850
852 850
852 851
853 852
854 852
854 853
855 852
855 853
854 855
856 853
856 854
856 855
857 853
857 854
857 855
857 856
858 853
858 855
858 856
858 857
859 854
859 855
859 856
859 857
859 858
860 854
860 855
860 856
860 857
860 858
860 859
861 858
861 859
861 860
862 859
862 860
862 861
863 859
863 860
863 861
862 863
864 859
864 860
864 861
864 862
864 863
865 861
865 862
865 863
865 864
866 862
866 863
866 864
866 865
867 864
867 865
867 866
868 864
868 865
868 866
868 867
869 865
869 866
869 867
869 868
870 865
870 866
870 867
870 868
870 869
871 866
871 867
871 868
871 869
871 870
872 866
872 867
872 868
872 869
872 870
872 871
874 873
875 873
875 874
877 876
878 876
878 877
879 876
879 877
879 878
880 877
880 878
880 879
881 877
881 878
881 879
881 880
882 877
882 878
882 879
882 880
882 881
883 877
883 878
883 879
883 880
883 881
883 882
885 884
886 884
886 885
887 886
888 886
888 887
889 887
889 888
890 887
890 888
890 889
891 887
891 888
891 889
891 890
892 889
892 890
892 891
893 889
893 890
893 891
892 893
894 889
894 890
894 891
894 892
894 893
895 889
895 890
895 891
895 892
895 893
895 894
896 890
896 891
896 892
896 893
896 894
896 895
897 890
897 891
897 892
897 893
897 894
897 895
896 897
898 892
898 893
898 894
898 895
898 896
898 897
899 895
899 896
899 897
899 898
900 898
900 899
901 898
901 899
901 900
902 899
902 900
902 901
903 901
903 902
904 901
904 902
904 903
905 902
905 903
905 904
906 902
906 903
906 904
906 905
907 902
907 903
907 904
907 905
907 906
908 903
908 904
908 905
908 906
908 907
909 903
909 904
909 905
909 906
909 907
909 908
910 903
910 904
910 905
910 906
910 907
910 908
910 909
911 904
911 905
911 906
911 907
911 908
911 909
911 910
912 905
912 906
912 907
912 908
912 909
912 910
912 911
913 906
913 907
913 908
913 909
913 910
913 911
913 912
914 908
914 909
914 910
914 911
914 912
914 913
915 911
915 912
915 913
915 914
916 911
916 912
916 913
916 914
916 915
917 913
917 914
917 915
917 916
918 913
918 914
918 915
918 916
917 918
919 914
919 915
919 916
919 917
919 918
920 914
920 915
920 916
920 917
920 918
920 919
921 914
921 915
921 916
921 917
921 918
921 919
921 920
922 914
922 915
922 916
922 917
922 918
922 919
922 920
921 922
923 915
923 916
923 917
923 918
923 919
923 920
923 921
923 922
924 915
924 916
924 917
924 918
924 919
924 920
924 921
924 922
924 923
925 917
925 918
925 919
925 920
925 921
925 922
925 923
925 924
926 917
926 918
926 919
926 920
926 921
926 922
926 923
926 924
925 926
927 920
927 921
927 922
927 923
927 924
927 925
927 926
928 924
928 925
928 926
928 927
929 925
929 926
929 927
929 928
930 925
930 926
930 927
930 928
930 929
931 925
931 926
931 927
931 928
931 929
931 930
932 925
932 926
932 927
932 928
932 929
932 930
931 932
933 927
933 928
933 929
933 930
933 931
933 932
934 928
934 929
934 930
934 931
934 932
934 933
935 928
935 929
935 930
935 931
935 932
935 933
935 934
936 930
936 931
936 932
936 933
936 934
936 935
937 933
937 934
937 935
937 936
938 933
938 934
938 935
938 936
938 937
939 933
939 934
939 935
939 936
939 937
938 939
940 934
940 935
940 936
940 937
940 938
940 939
941 934
941 935
941 936
941 937
941 938
941 939
941 940
942 934
942 935
942 936
942 937
942 938
942 939
942 940
942 941
943 935
943 936
943 937
943 938
943 939
943 940
943 941
943 942
944 936
944 937
944 938
944 939
944 940
944 941
944 942
944 943
945 937
945 938
945 939
945 940
945 941
945 942
945 943
945 944
946 937
946 938
946 939
946 940
946 941
946 942
946 943
946 944
946 945
947 937
947 938
947 939
947 940
947 941
947 942
947 943
947 944
947 945
947 946
948 940
948 941
948 942
948 943
948 944
948 945
948 946
948 947
949 940
949 941
949 942
949 943
949 944
949 945
949 946
949 947
949 948
950 942
950 944
950 945
950 946
950 949
951 941
951 942
951 943
951 944
951 945
951 946
951 947
951 948
951 949
951 950
952 942
952 943
952 944
952 945
952 946
952 947
952 948
952 949
952 950
952 951
953 945
953 946
953 947
953 948
953 949
953 950
953 951
953 952
954 945
954 946
954 947
954 948
954 949
954 950
954 951
954 952
954 953
955 945
955 946
955 947
955 948
955 949
955 950
955 951
955 952
955 953
955 954
956 945
956 946
956 947
956 948
956 949
956 950
956 951
956 952
956 953
956 954
955 956
957 947
957 948
957 949
957 950
957 951
957 952
957 953
957 954
957 955
957 956
958 948
958 949
958 951
958 952
958 953
958 954
958 955
958 956
958 957
959 953
959 954
959 955
959 956
959 957
959 958
960 953
960 954
960 955
960 956
960 957
960 958
960 959
961 953
961 954
961 955
961 956
961 957
961 958
961 959
961 960
962 954
962 955
962 956
962 957
962 958
962 959
962 960
962 961
963 954
963 955
963 956
963 958
963 960
963 961
962 963
964 954
964 955
964 956
964 957
964 958
964 959
964 960
964 961
964 962
964 963
965 954
965 955
965 956
965 957
965 958
965 959
965 960
965 961
965 962
965 963
965 964
966 955
966 956
966 958
966 960
966 961
966 962
966 963
966 964
966 965
967 957
967 958
967 959
967 960
967 961
967 962
967 963
967 964
967 965
967 966
968 958
968 959
968 960
968 961
968 962
968 963
968 964
968 965
968 966
968 967
969 959
969 960
970 960
970 961
970 962
970 963
970 964
970 965
970 966
970 967
970 968
970 969
971 960
971 961
971 962
971 963
971 964
971 965
971 966
971 967
971 968
971 969
971 970
972 960
972 961
972 962
972 963
972 964
972 965
972 966
972 967
972 968
972 969
972 970
972 971
973 961
973 962
973 963
973 964
973 965
973 966
973 967
973 968
973 969
973 970
973 971
973 972
974 962
974 963
974 964
974 965
974 967
974 968
974 969
974 970
974 971
974 972
974 973
975 969
975 970
975 971
975 972
975 973
975 974
976 969
976 970
976 971
976 972
976 973
976 974
976 975
977 969
977 970
977 971
977 972
977 973
977 974
977 975
977 976
978 969
978 970
978 971
978 972
978 973
978 974
978 975
978 976
978 977
979 969
979 970
979 971
979 972
979 973
979 974
979 975
979 976
979 977
979 978
980 969
980 970
980 971
980 972
980 973
980 974
980 975
980 976
980 977
980 978
980 979
981 969
981 970
981 971
981 972
981 973
981 974
981 975
981 976
981 977
981 978
981 979
980 981
982 969
982 970
982 971
982 972
982 973
982 974
982 975
982 976
982 977
982 978
982 979
982 980
982 981
983 972
983 973
983 974
983 975
983 976
983 977
983 978
983 979
983 980
983 981
983 982
984 973
984 974
984 975
984 976
984 977
984 978
984 979
984 980
984 981
984 982
984 983
985 973
985 974
985 975
985 976
985 977
985 978
985 979
985 980
985 981
985 982
985 983
984 985
986 977
986 978
986 979
986 980
986 981
986 982
986 983
986 984
986 985
987 980
987 981
987 982
987 983
987 984
987 985
987 986
988 982
988 983
988 984
988 985
988 986
988 987
989 983
989 984
989 985
989 986
989 987
989 988
990 986
990 987
990 988
990 989
991 987
991 988
991 989
991 990
992 987
992 988
992 989
992 990
991 992
993 987
993 988
993 989
993 990
993 991
993 992
994 987
994 988
994 989
994 990
994 991
994 992
994 993
995 987
995 988
995 989
995 990
995 991
995 992
995 993
995 994
996 987
996 988
996 989
996 990
996 991
996 992
996 993
996 994
996 995
997 991
997 992
997 993
997 994
997 995
997 996
998 991
998 992
998 993
998 994
998 995
998 996
998 997
999 997
999 998
1000 997
1000 998
1000 999
1001 999
1001 1000
1002 999
1002 1000
1002 1001
1003 999
1003 1000
1002 1003
1004 999
1004 1000
1004 1001
1004 1002
1004 1003
1005 1000
1005 1001
1005 1002
1005 1003
1005 1004
1006 1000
1006 1002
1006 1003
1006 1004
1005 1006
1007 1001
1007 1002
1007 1003
1007 1004
1007 1005
1007 1006
1008 1002
1008 1003
1008 1004
1008 1005
1008 1006
1008 1007
1009 1002
1009 1003
1009 1004
1009 1005
1009 1006
1009 1007
1009 1008
1010 1002
1010 1003
1010 1004
1010 1005
1010 1006
1010 1007
1010 1008
1010 1009
1011 1007
1011 1008
1011 1009
1011 1010
1012 1008
1012 1009
1012 1010
1012 1011
1013 1011
1013 1012
1014 1011
1014 1012
1014 1013
1015 1011
1015 1012
1015 1013
1015 1014
1016 1011
1016 1012
1016 1013
1016 1014
1016 1015
1017 1011
1017 1012
1017 1013
1017 1014
1017 1015
1017 1016
1018 1012
1018 1013
1018 1014
1018 1015
1018 1016
1018 1017
1019 1012
1019 1014
1019 1015
1019 1017
1020 1014
1020 1015
1020 1016
1020 1017
1020 1018
1020 1019
1021 1018
1021 1019
1021 1020
1022 1020
1022 1021
1023 1022
1024 1022
1025 1022
1023 1024
1023 1025
1024 1025
1026 1022
1026 1023
1026 1024
1026 1025
1027 1022
1027 1023
1027 1024
1027 1025
1027 1026
1028 1022
1028 1023
1028 1024
1028 1025
1028 1026
1028 1027
1029 1023
1029 1024
1029 1025
1029 1026
1029 1027
1029 1028
1030 1023
1030 1024
1030 1025
1030 1026
1030 1027
1030 1028
1030 1029
1031 1023
1031 1024
1031 1025
1031 1026
1031 1027
1031 1028
1031 1029
1031 1030
1032 1024
1032 1025
1032 1026
1032 1029
1033 1025
1033 1026
1033 1029
1033 1032
1034 1023
1034 1024
1034 1025
1034 1026
1034 1027
1034 1028
1034 1029
1034 1030
1034 1031
1034 1032
1033 1034
1035 1023
1035 1024
1035 1025
1035 1026
1035 1027
1035 1028
1035 1029
1035 1030
1035 1031
1036 1023
1036 1024
1036 1025
1036 1026
1036 1027
1036 1028
1036 1029
1036 1030
1036 1031
1036 1034
1035 1036
1037 1023
1037 1024
1037 1025
1037 1026
1037 1027
1037 1028
1037 1029
1037 1030
1037 1031
1037 1032
1037 1033
1037 1034
1037 1035
1037 1036
1038 1023
1038 1024
1038 1025
1038 1026
1038 1027
1038 1028
1038 1029
1038 1030
1038 1031
1038 1034
1038 1035
1038 1036
1038 1037
1039 1023
1039 1024
1039 1025
1039 1026
1039 1027
1039 1028
1039 1029
1039 1030
1039 1031
1039 1034
1039 1035
1039 1036
1039 1037
1039 1038
1040 1028
1040 1029
1040 1030
1040 1031
1040 1034
1040 1035
1040 1036
1040 1037
1040 1038
1040 1039
1041 1031
1041 1034
1041 1035
1041 1036
1041 1037
1041 1038
1041 1039
1041 1040
1042 1038
1042 1039
1042 1040
1042 1041
1043 1039
1043 1040
1043 1041
1043 1042
1044 1040
1044 1041
1044 1042
1044 1043
1045 1040
1045 1041
1045 1042
1045 1043
1045 1044
1046 1041
1046 1042
1046 1043
1046 1044
1046 1045
1047 1042
1047 1043
1047 1044
1047 1045
1047 1046
1048 1045
1048 1046
1048 1047
1049 1045
1049 1046
1049 1047
1049 1048
1050 1046
1050 1047
1050 1048
1050 1049
1051 1047
1051 1048
1051 1049
1051 1050
1052 1047
1052 1048
1052 1049
1052 1050
1052 1051
1053 1048
1053 1049
1053 1050
1053 1051
1053 1052
1054 1051
1054 1053
1055 1050
1055 1051
1055 1052
1055 1053
1056 1050
1056 1051
1056 1053
1054 1056
1055 1056
1057 1053
1057 1054
1057 1055
1057 1056
1058 1053
1058 1054
1058 1055
1058 1056
1058 1057
1059 1053
1059 1054
1059 1055
1059 1056
1059 1057
1059 1058
1061 1060
1062 1060
1062 1061
1063 1060
1063 1061
1063 1062
1064 1060
1064 1061
1064 1062
1063 1064
1065 1060
1065 1061
1065 1062
1065 1063
1065 1064
1066 1060
1066 1061
1066 1062
1066 1063
1066 1064
1065 1066
1067 1060
1067 1061
1067 1062
1067 1063
1067 1064
1067 1065
1067 1066
1068 1060
1068 1061
1068 1062
1068 1063
1068 1064
1068 1065
1068 1066
1067 1068
1069 1061
1069 1062
1069 1063
1069 1064
1069 1065
1069 1066
1069 1067
1069 1068
1070 1061
1070 1062
1070 1063
1070 1064
1070 1065
1070 1066
1070 1067
1070 1068
1070 1069
1071 1061
1071 1062
1071 1063
1071 1064
1071 1065
1071 1066
1071 1067
1071 1068
1071 1069
1071 1070
1072 1061
1072 1062
1072 1063
1072 1064
1072 1065
1072 1066
1072 1067
1072 1068
1072 1069
1072 1070
1072 1071
1073 1069
1073 1070
1073 1071
1073 1072
1074 1071
1074 1072
1074 1073
1075 1072
1075 1073
1075 1074
1076 1072
1076 1073
1076 1074
1075 1076
1077 1072
1077 1073
1077 1074
1077 1075
1077 1076
1078 1073
1078 1074
1078 1075
1078 1076
1078 1077
1079 1073
1079 1074
1079 1075
1079 1076
1079 1077
1079 1078
1080 1073
1080 1074
1080 1075
1080 1076
1080 1077
1080 1078
1080 1079
1081 1073
1081 1074
1081 1075
1081 1076
1081 1077
1081 1078
1081 1079
1081 1080
1082 1077
1082 1078
1082 1079
1082 1080
1082 1081
1083 1082
1084 1083
1085 1082
1085 1083
1085 1084
1086 1082
1086 1083
1086 1084
1085 1086
1087 1083
1087 1084
1087 1085
1087 1086
