0 1
0 2
0 3
0 4
0 5
0 6
0 7
0 8
0 9
0 10
0 11
0 12
0 13
0 14
0 15
0 16
0 17
1 2
1 3
1 4
1 5
1 6
1 7
1 8
1 9
1 10
1 11
1 12
1 13
1 14
1 15
1 17
2 3
2 4
2 5
2 6
2 7
2 8
2 9
2 10
2 11
2 12
2 13
2 14
2 15
2 16
2 17
3 4
3 5
3 6
3 7
3 8
3 9
3 10
3 11
3 12
3 13
3 14
3 15
3 16
3 17
4 5
4 6
4 7
4 8
4 9
4 10
4 11
4 12
4 13
4 14
4 15
4 16
4 17
5 6
5 7
5 8
5 9
5 10
5 11
5 12
5 13
5 14
5 15
5 16
5 17
6 7
6 8
6 9
6 10
6 11
6 12
6 13
6 14
6 15
6 16
6 17
7 8
7 9
7 10
7 11
7 12
7 13
7 14
7 15
7 16
7 17
8 9
8 10
8 11
8 12
8 13
8 14
8 15
8 16
8 17
9 10
9 11
9 12
9 13
9 14
9 15
9 16
9 17
10 11
10 12
10 13
10 14
10 15
10 16
10 17
11 12
11 13
11 14
11 15
11 16
11 17
12 13
12 14
12 15
12 16
12 17
13 14
13 15
13 16
13 17
14 15
14 16
14 17
15 16
15 17
16 17
18 0
18 1
18 2
18 3
18 4
18 5
18 6
18 7
18 8
18 9
18 10
18 11
18 12
18 13
18 14
18 15
18 16
18 17
19 0
19 1
19 2
19 3
19 4
19 5
19 6
19 7
19 8
19 9
19 10
19 11
19 12
19 13
19 14
19 15
19 16
19 17
20 0
20 1
20 2
20 3
20 4
20 5
20 6
20 7
20 8
20 9
20 10
20 11
20 12
20 13
20 14
20 15
20 16
20 17
21 0
21 1
21 2
21 3
21 4
21 5
21 6
21 7
21 8
21 9
21 10
21 11
21 12
21 13
21 14
21 15
21 16
21 17
18 19
18 20
18 21
19 20
19 21
20 21
22 0
22 1
22 2
22 3
22 4
22 5
22 6
22 7
22 8
22 9
22 10
22 11
22 12
22 13
22 14
22 15
22 16
22 17
22 18
22 19
22 20
22 21
23 0
23 1
23 2
23 3
23 4
23 5
23 6
23 7
23 8
23 9
23 10
23 11
23 12
23 13
23 14
23 15
23 17
23 18
23 19
23 20
23 21
23 22
24 0
24 1
24 2
24 3
24 4
24 5
24 6
24 7
24 8
24 9
24 10
24 11
24 12
24 13
24 14
24 15
24 16
24 17
24 18
24 19
24 20
24 21
24 22
25 0
25 1
25 2
25 3
25 4
25 5
25 6
25 7
25 8
25 9
25 10
25 11
25 12
25 13
25 14
25 15
25 16
25 17
25 18
25 19
25 20
25 21
25 22
23 24
23 25
24 25
26 0
26 2
26 3
26 4
26 6
26 8
26 9
26 11
26 12
26 13
26 14
26 15
26 16
26 17
26 20
26 21
26 22
26 24
26 25
27 0
27 1
27 2
27 3
27 4
27 5
27 6
27 7
27 8
27 9
27 10
27 11
27 12
27 13
27 14
27 15
27 17
27 18
27 19
27 20
27 21
27 22
27 23
27 24
27 25
26 27
28 0
28 1
28 2
28 3
28 4
28 5
28 6
28 7
28 8
28 9
28 10
28 11
28 12
28 13
28 14
28 15
28 16
28 17
28 18
28 19
28 20
28 21
28 22
28 23
28 24
28 25
28 26
28 27
29 0
29 1
29 2
29 3
29 4
29 5
29 6
29 7
29 8
29 9
29 10
29 11
29 12
29 13
29 14
29 15
29 16
29 17
29 18
29 19
29 20
29 21
29 22
29 23
29 24
29 25
29 26
29 27
29 28
30 0
30 1
30 2
30 3
30 4
30 5
30 6
30 7
30 8
30 9
30 10
30 11
30 12
30 13
30 14
30 15
30 17
30 18
30 19
30 20
30 21
30 22
30 23
30 24
30 25
30 26
30 27
30 28
30 29
31 0
31 1
31 2
31 3
31 4
31 5
31 6
31 7
31 8
31 9
31 10
31 11
31 12
31 13
31 14
31 15
31 16
31 17
31 18
31 19
31 20
31 21
31 22
31 23
31 24
31 25
31 27
31 28
31 29
31 30
32 23
32 24
32 25
32 26
32 27
32 28
32 29
32 30
32 31
33 27
33 28
33 29
33 30
33 31
33 32
34 28
34 29
34 30
34 31
34 32
34 33
35 28
35 29
35 30
35 31
35 32
35 33
35 34
36 29
36 30
36 31
36 32
36 33
36 34
36 35
37 29
37 30
37 31
37 32
37 33
37 34
37 35
36 37
38 30
38 31
38 32
38 33
38 34
38 35
38 36
38 37
39 30
39 32
39 33
39 34
39 35
39 36
39 37
39 38
40 30
40 31
40 32
40 33
40 34
40 35
40 36
40 37
40 38
40 39
41 30
41 31
41 32
41 33
41 34
41 35
41 36
41 37
41 38
41 39
42 30
42 31
42 32
42 33
42 34
42 35
42 36
42 37
42 38
42 39
40 41
40 42
41 42
43 30
43 31
43 32
43 33
43 34
43 35
43 36
43 37
43 38
43 39
43 40
43 41
43 42
44 31
44 32
44 33
44 34
44 35
44 36
44 37
44 38
44 39
44 40
44 41
44 42
44 43
45 32
45 34
45 36
45 37
45 38
45 40
45 41
45 44
46 32
46 33
46 34
46 35
46 36
46 37
46 38
46 39
46 40
46 41
46 42
46 43
46 44
46 45
47 34
47 35
47 36
47 37
47 38
47 39
47 40
47 41
47 42
47 43
47 44
47 45
47 46
48 34
48 35
48 36
48 37
48 38
48 39
48 40
48 41
48 42
48 43
48 44
48 45
48 46
47 48
49 35
49 36
49 37
49 38
49 39
49 40
49 41
49 42
49 43
49 44
49 46
49 47
49 48
50 36
50 37
50 38
50 39
50 40
50 41
50 42
50 43
50 44
50 45
50 46
50 47
50 48
50 49
51 38
51 39
51 40
51 41
51 42
51 43
51 44
51 45
51 46
51 47
51 48
51 49
51 50
52 38
52 39
52 40
52 41
52 42
52 43
52 44
52 45
52 46
52 47
52 48
52 49
52 50
52 51
53 38
53 39
53 40
53 41
53 42
53 43
53 44
53 45
53 46
53 47
53 48
53 49
53 50
53 51
52 53
54 38
54 39
54 40
54 41
54 42
54 43
54 44
54 45
54 46
54 47
54 48
54 49
54 50
54 51
54 52
54 53
55 40
55 41
55 42
55 43
55 44
55 45
55 46
55 47
55 48
55 49
55 50
55 51
55 52
55 53
55 54
56 43
56 44
56 45
56 46
56 47
56 48
56 49
56 50
56 51
56 52
56 53
56 54
56 55
57 43
57 44
57 45
57 46
57 47
57 48
57 49
57 50
57 51
57 52
57 53
57 54
57 55
56 57
58 44
58 46
58 47
58 48
58 49
58 50
58 51
58 52
58 53
58 54
58 55
58 56
58 57
59 44
59 45
59 46
59 47
59 48
59 49
59 50
59 51
59 52
59 53
59 54
59 55
59 56
59 57
59 58
60 45
60 46
60 47
60 48
60 49
60 50
60 51
60 52
60 53
60 54
60 55
60 56
60 57
60 58
60 59
61 46
61 47
61 48
61 49
61 50
61 51
61 52
61 53
61 54
61 55
61 56
61 57
61 58
61 59
61 60
62 51
62 52
62 53
62 54
62 55
62 56
62 57
62 58
62 59
62 60
62 61
63 51
63 52
63 53
63 54
63 55
63 56
63 57
63 58
63 59
63 60
63 61
62 63
64 55
64 56
64 57
64 58
64 59
64 60
64 61
64 62
64 63
65 60
65 61
65 62
65 63
65 64
66 61
66 62
66 63
66 64
66 65
67 62
67 63
67 64
67 65
67 66
68 64
68 65
68 66
68 67
69 66
69 67
69 68
70 67
70 68
70 69
72 69
72 71
73 69
73 70
73 71
73 72
74 72
74 73
75 73
75 74
76 74
76 75
77 74
77 75
77 76
78 74
78 75
78 76
78 77
79 75
79 76
79 77
79 78
80 79
81 79
81 80
82 79
82 80
82 81
83 79
83 80
83 81
83 82
84 79
84 80
84 81
84 82
85 79
85 80
85 81
85 82
85 83
85 84
86 79
86 80
86 81
86 82
86 83
86 84
86 85
87 79
87 80
87 81
87 82
87 83
87 84
87 85
86 87
88 79
88 80
88 81
88 82
88 84
88 85
88 86
88 87
89 79
89 80
89 81
89 82
89 83
89 84
89 85
89 86
89 87
89 88
90 83
90 84
90 85
90 86
90 87
90 88
90 89
91 86
91 87
91 88
91 89
91 90
92 88
92 89
92 90
92 91
93 89
93 90
93 91
93 92
94 90
94 91
94 92
94 93
95 90
95 91
95 92
95 93
95 94
96 95
97 96
98 96
98 97
99 96
99 97
99 98
100 96
100 97
100 98
100 99
101 97
101 98
101 99
101 100
102 97
102 98
102 99
102 100
102 101
103 97
103 98
103 99
103 100
103 101
103 102
104 101
104 102
104 103
105 102
105 103
105 104
106 103
106 104
106 105
107 104
107 105
107 106
108 104
108 105
108 106
107 108
109 104
109 105
109 106
109 107
109 108
110 104
110 105
110 106
110 107
110 108
110 109
111 105
111 106
111 107
111 108
111 109
111 110
112 106
112 107
112 108
112 109
112 110
112 111
113 109
113 111
114 113
115 114
116 114
116 115
117 114
117 116
118 114
118 115
118 116
118 117
119 114
119 115
119 116
119 117
119 118
120 115
120 116
120 117
120 118
120 119
121 115
121 116
121 117
121 118
121 119
121 120
122 117
122 118
122 119
122 120
122 121
123 117
123 118
123 119
123 120
123 121
123 122
124 121
124 122
124 123
125 122
125 123
125 124
126 125
127 124
127 125
129 128
130 128
130 129
131 128
131 129
131 130
132 128
132 129
132 130
132 131
133 129
133 130
133 131
133 132
134 133
135 133
135 134
136 133
136 134
136 135
137 133
137 134
137 135
137 136
138 133
138 134
138 135
138 136
137 138
139 134
139 135
139 136
139 137
139 138
140 134
140 135
140 136
140 137
140 138
140 139
141 134
141 135
141 136
141 137
141 138
141 139
141 140
142 134
142 135
142 136
142 137
142 138
142 139
142 140
142 141
143 135
143 136
143 137
143 138
143 139
143 140
143 141
143 142
144 137
144 138
144 139
144 140
144 141
144 142
144 143
145 140
145 141
145 142
145 143
145 144
147 146
148 146
148 147
149 146
149 148
150 146
150 147
150 148
150 149
151 146
151 147
151 148
151 149
151 150
152 146
152 147
152 148
152 149
152 150
152 151
153 151
153 152
154 152
154 153
155 153
155 154
156 153
156 154
156 155
157 153
157 154
157 155
157 156
158 154
158 155
158 156
158 157
159 154
159 155
159 156
159 157
159 158
160 154
160 155
160 156
160 157
160 158
160 159
161 154
161 155
161 156
161 157
161 158
161 159
161 160
162 155
162 156
162 157
162 158
162 159
162 160
162 161
163 155
163 156
163 157
163 158
163 159
163 160
163 161
164 155
164 156
164 157
164 158
164 159
164 160
164 161
165 155
165 156
165 157
165 158
165 159
165 160
165 161
162 163
162 164
162 165
163 164
163 165
164 165
166 155
166 156
166 157
166 158
166 159
166 160
166 161
166 162
166 163
166 164
166 165
167 156
167 157
167 158
167 159
167 160
167 161
167 162
167 163
167 164
167 165
167 166
168 156
168 157
168 158
168 159
168 160
168 161
168 162
168 164
168 165
168 166
169 157
169 158
169 159
169 160
169 161
169 162
169 163
169 165
169 166
169 167
170 157
170 159
170 160
170 161
170 162
170 163
170 165
170 166
170 167
170 169
171 156
171 157
171 158
171 159
171 160
171 161
171 162
171 163
171 164
171 165
171 166
171 168
172 157
172 159
172 160
172 161
172 162
172 163
172 165
172 166
172 167
172 169
172 170
173 157
173 158
173 159
173 160
173 161
173 162
173 163
173 164
173 165
173 166
173 167
173 168
173 169
173 170
173 171
172 173
174 158
174 159
174 160
174 161
174 162
174 163
174 164
174 165
174 166
174 167
174 168
174 169
174 170
174 171
174 172
174 173
175 159
175 160
175 161
175 162
175 163
175 164
175 165
175 166
175 168
175 171
175 173
175 174
176 167
176 168
176 169
176 170
176 171
176 172
176 173
176 174
176 175
177 171
177 173
177 174
177 175
177 176
178 176
178 177
179 176
179 177
179 178
180 176
180 177
180 178
179 180
181 176
181 177
181 178
181 179
181 180
182 177
182 178
182 179
182 180
182 181
183 177
183 178
183 179
183 180
183 181
183 182
184 178
184 179
184 180
184 181
184 182
184 183
185 181
185 182
185 183
185 184
186 181
186 182
186 183
186 184
186 185
187 183
187 184
187 185
187 186
188 184
188 185
188 186
188 187
189 184
189 185
189 186
189 187
189 188
190 184
190 185
190 186
190 187
190 188
190 189
191 185
191 186
191 187
191 188
191 189
191 190
192 185
192 186
192 187
192 188
192 189
192 190
192 191
193 187
193 188
193 189
193 190
193 191
193 192
194 188
194 189
194 190
194 191
194 192
194 193
195 192
195 193
195 194
196 195
197 195
197 196
198 196
198 197
199 198
200 198
200 199
201 198
201 199
200 201
202 200
202 201
203 202
204 202
204 203
205 202
205 203
205 204
206 203
206 204
206 205
207 205
207 206
208 205
208 206
208 207
209 207
209 208
210 207
210 208
210 209
211 209
211 210
212 209
212 210
212 211
213 211
213 212
214 211
214 212
214 213
215 211
215 212
215 213
215 214
216 211
216 212
216 213
216 214
215 216
217 212
217 214
217 215
217 216
218 213
218 214
218 215
218 216
218 217
219 213
219 214
219 215
219 216
219 217
219 218
220 213
220 214
220 215
220 216
220 217
220 218
219 220
221 218
221 219
221 220
222 218
222 219
222 220
222 221
223 221
223 222
224 221
224 222
224 223
225 221
225 222
225 223
225 224
226 221
226 222
226 223
226 224
226 225
227 223
227 224
227 225
227 226
228 223
228 224
228 225
228 226
228 227
229 225
229 226
229 227
229 228
230 226
230 227
230 228
230 229
231 226
231 227
231 228
231 229
231 230
232 226
232 227
232 228
232 229
232 230
232 231
233 227
233 228
233 229
233 230
233 231
233 232
234 227
234 228
234 229
234 231
234 233
235 228
235 229
235 230
235 231
235 232
235 233
235 234
236 231
236 233
236 234
236 235
237 236
238 236
237 238
239 237
239 238
240 237
240 238
240 239
241 239
241 240
242 239
242 240
242 241
243 239
243 240
243 241
243 242
244 239
244 240
244 241
244 242
243 244
245 241
245 242
245 243
245 244
246 241
246 242
246 243
246 244
246 245
247 243
247 244
247 245
247 246
248 243
248 244
248 245
248 246
248 247
249 245
249 246
249 247
249 248
250 246
250 247
250 248
250 249
251 247
251 248
251 249
251 250
252 247
252 248
252 249
252 250
252 251
253 250
253 251
253 252
254 253
255 253
254 255
256 253
256 254
256 255
257 253
257 254
257 255
257 256
258 253
258 254
258 255
258 256
259 253
259 254
259 255
259 256
257 258
257 259
258 259
260 253
260 254
260 255
260 256
260 257
260 258
260 259
261 254
261 255
261 256
261 257
261 258
261 259
261 260
262 254
262 255
262 256
262 257
262 258
262 259
262 260
262 261
263 254
263 255
263 256
263 257
263 258
263 259
263 260
263 261
263 262
264 256
264 257
264 258
264 259
264 260
264 261
264 262
264 263
265 260
265 261
265 262
265 263
265 264
266 265
267 266
268 266
268 267
269 266
269 267
269 268
270 266
270 267
270 269
271 266
271 267
271 268
271 269
272 266
272 267
272 268
272 269
272 270
272 271
273 271
273 272
274 271
274 272
274 273
275 272
275 273
275 274
276 273
276 274
276 275
277 273
277 274
277 275
277 276
278 274
278 275
278 276
278 277
279 274
279 275
279 276
279 277
279 278
280 275
280 276
280 277
280 278
280 279
281 275
281 276
281 277
281 278
281 279
280 281
282 275
282 276
282 277
282 278
282 279
282 280
282 281
283 275
283 276
283 277
283 278
283 279
283 280
283 281
282 283
284 275
284 276
284 277
284 278
284 279
284 280
284 281
284 282
284 283
285 275
285 276
285 277
285 278
285 279
285 280
285 281
285 282
285 283
285 284
286 276
286 277
286 278
286 279
286 280
286 281
286 282
286 283
286 284
286 285
287 276
287 277
287 278
287 279
287 280
287 281
287 282
287 283
287 284
287 285
287 286
288 276
288 277
288 278
288 279
288 280
288 281
288 282
288 283
288 285
289 276
289 277
289 278
289 279
289 280
289 281
289 282
289 283
289 284
289 285
289 286
290 276
290 277
290 278
290 279
290 280
290 281
290 282
290 283
290 285
287 288
287 289
287 290
288 290
291 276
291 277
291 278
291 279
291 280
291 281
291 282
291 284
291 285
291 286
291 289
292 277
292 278
292 279
292 280
292 281
292 282
292 283
292 284
292 285
292 286
292 287
292 288
292 289
292 290
292 291
293 279
293 280
293 281
293 282
293 283
293 284
293 285
293 286
293 287
293 288
293 289
293 290
293 291
293 292
294 285
294 286
294 289
294 291
294 292
294 293
295 285
295 286
295 289
295 291
295 292
295 293
294 295
296 291
296 292
296 293
296 294
296 295
297 293
297 294
297 296
298 294
298 295
298 296
298 297
299 298
300 299
301 299
301 300
302 299
302 300
302 301
303 299
303 300
303 301
303 302
304 299
304 300
304 301
304 302
303 304
305 299
305 300
305 301
305 302
305 303
305 304
306 299
306 300
306 301
306 302
306 303
306 304
306 305
307 299
307 300
307 301
307 302
307 303
307 304
307 305
307 306
308 299
308 300
308 301
308 302
308 303
308 304
308 305
308 306
308 307
309 300
309 301
309 302
309 303
309 304
309 305
309 306
309 307
309 308
310 302
310 303
310 304
310 305
310 306
310 307
310 308
310 309
311 302
311 303
311 304
311 305
311 307
311 308
311 309
311 310
312 303
312 304
312 305
312 306
312 307
312 308
312 309
312 310
312 311
313 307
313 308
313 309
313 310
313 311
313 312
314 307
314 308
314 309
314 310
314 311
314 312
314 313
315 307
315 308
315 309
315 310
315 311
315 312
315 313
315 314
316 307
316 308
316 309
316 310
316 311
316 312
316 313
316 314
316 315
317 307
317 308
317 309
317 310
317 311
317 312
317 313
317 314
317 315
317 316
318 308
318 309
318 310
318 311
318 312
318 313
318 314
318 315
318 316
318 317
319 318
320 319
321 319
321 320
322 319
322 320
322 321
323 320
323 321
323 322
324 321
324 322
324 323
325 321
325 322
325 323
325 324
326 322
326 323
326 324
326 325
327 322
327 323
327 324
327 325
326 327
328 322
328 323
328 324
328 325
328 326
328 327
329 322
329 323
329 324
329 325
329 326
329 327
329 328
330 323
330 324
330 325
330 326
330 327
330 328
330 329
331 326
331 327
331 328
331 329
331 330
332 330
332 331
333 331
333 332
334 330
334 331
334 332
334 333
335 330
335 331
335 332
335 333
335 334
336 330
336 331
336 332
336 333
336 334
336 335
337 331
337 332
337 333
337 334
337 335
337 336
338 332
338 333
338 334
338 335
338 336
338 337
339 332
339 333
339 334
339 335
339 336
339 337
339 338
340 332
340 333
340 334
340 335
340 336
340 337
340 338
340 339
341 333
341 334
341 335
341 336
341 337
341 338
341 339
341 340
342 337
342 338
342 339
342 340
342 341
343 337
343 338
343 339
343 340
343 341
343 342
344 338
344 339
344 340
344 341
344 342
344 343
345 338
345 339
345 340
345 341
345 342
345 343
345 344
346 338
346 339
346 340
346 341
346 342
346 343
346 344
346 345
347 339
347 340
347 341
347 342
347 343
347 344
347 345
347 346
348 339
348 340
348 341
348 342
348 343
348 344
348 345
348 346
347 348
349 339
349 340
349 341
349 342
349 343
349 344
349 345
349 346
349 347
349 348
350 339
350 340
350 341
350 342
350 343
350 344
350 345
350 346
350 347
350 348
351 339
351 340
351 341
351 343
351 344
351 345
351 346
351 347
351 348
349 350
349 351
350 351
352 340
352 341
352 342
352 343
352 344
352 345
352 346
352 347
352 348
352 349
352 350
352 351
353 343
353 344
353 345
353 346
353 347
353 348
353 349
353 350
353 351
353 352
354 342
354 343
354 344
354 345
354 346
354 347
354 348
354 349
354 350
354 351
354 352
354 353
355 343
355 344
355 345
355 346
355 347
355 348
355 349
355 350
355 351
355 352
355 353
355 354
356 349
356 350
356 351
356 352
356 353
356 354
356 355
357 353
357 354
357 355
357 356
358 355
358 356
358 357
359 355
359 356
359 357
360 356
360 357
360 358
360 359
361 356
361 357
361 359
360 361
362 356
362 357
362 358
362 359
362 360
362 361
363 356
363 357
363 358
363 359
363 360
363 361
363 362
364 356
364 357
364 358
364 359
364 360
364 361
364 362
364 363
365 357
365 358
365 359
365 360
365 361
365 362
365 363
365 364
366 357
366 359
366 360
366 361
366 362
366 363
366 364
366 365
367 357
367 359
367 360
367 361
367 362
367 363
367 364
367 365
367 366
368 357
368 359
368 360
368 361
368 362
368 363
368 364
368 365
368 366
368 367
369 358
369 359
369 360
369 361
369 362
369 363
369 364
369 365
369 366
369 367
369 368
370 360
370 361
370 362
370 363
370 364
370 365
370 366
370 367
370 368
370 369
371 360
371 362
371 363
371 364
371 365
371 369
372 364
372 365
372 366
372 367
372 368
372 369
372 370
372 371
373 365
373 366
373 367
373 368
373 370
373 371
373 372
374 366
374 367
374 368
374 369
374 370
374 372
374 373
375 367
375 368
375 369
375 370
375 371
375 372
375 373
375 374
376 367
376 368
376 369
376 370
376 371
376 372
376 373
376 374
375 376
377 368
377 369
377 370
377 372
377 373
377 374
377 375
377 376
378 368
378 369
378 370
378 371
378 372
378 373
378 374
378 375
378 376
378 377
379 369
379 370
379 371
379 372
379 373
379 374
379 375
379 376
379 377
379 378
380 369
380 370
380 371
380 372
380 373
380 374
380 375
380 376
380 377
380 378
380 379
381 369
381 370
381 372
381 373
381 374
381 375
381 376
381 377
381 378
381 379
381 380
382 369
382 370
382 371
382 372
382 373
382 374
382 375
382 376
382 377
382 378
382 379
382 380
382 381
383 369
383 370
383 371
383 372
383 373
383 374
383 375
383 376
383 377
383 378
383 379
383 380
383 381
383 382
384 369
384 370
384 372
384 373
384 374
384 375
384 376
384 377
384 378
384 379
384 380
384 381
384 382
383 384
385 370
385 371
385 372
385 373
385 374
385 375
385 376
385 377
385 378
385 379
385 380
385 381
385 382
385 383
385 384
386 370
386 372
386 373
386 374
386 375
386 376
386 377
386 378
386 379
386 380
386 381
386 382
386 383
386 384
386 385
387 370
387 372
387 373
387 374
387 375
387 376
387 377
387 378
387 379
387 380
387 381
387 382
387 383
387 384
387 385
387 386
388 372
388 373
388 374
388 375
388 376
388 377
388 378
388 379
388 380
388 381
388 382
388 383
388 384
388 385
388 386
388 387
389 373
389 374
389 375
389 376
389 377
389 378
389 379
389 380
389 381
389 382
389 383
389 384
389 385
389 386
389 387
389 388
390 373
390 374
390 375
390 376
390 377
390 378
390 379
390 380
390 381
390 382
390 383
390 384
390 385
390 386
390 387
390 388
390 389
391 373
391 374
391 375
391 376
391 377
391 378
391 379
391 380
391 381
391 382
391 383
391 384
391 385
391 386
391 387
391 389
391 390
392 373
392 374
392 375
392 376
392 377
392 378
392 379
392 380
392 381
392 382
392 383
392 384
392 385
392 386
392 387
392 388
392 389
392 390
392 391
393 374
393 375
393 376
393 377
393 378
393 379
393 380
393 381
393 382
393 383
393 384
393 385
393 386
393 387
393 388
393 389
393 390
393 391
393 392
394 374
394 375
394 376
394 377
394 378
394 379
394 380
394 381
394 382
394 383
394 384
394 385
394 386
394 387
394 388
394 389
394 390
394 391
394 392
394 393
395 377
395 378
395 379
395 380
395 381
395 382
395 383
395 384
395 385
395 386
395 387
395 388
395 389
395 390
395 391
395 392
395 393
395 394
396 379
396 380
396 381
396 382
396 383
396 384
396 385
396 386
396 387
396 388
396 389
396 390
396 391
396 392
396 393
396 394
396 395
397 379
397 380
397 381
397 382
397 383
397 384
397 385
397 386
397 387
397 388
397 389
397 390
397 391
397 392
397 393
397 394
397 395
396 397
398 381
398 382
398 383
398 384
398 385
398 386
398 387
398 388
398 389
398 390
398 391
398 392
398 393
398 394
398 395
398 396
398 397
399 385
399 386
399 387
399 388
399 389
399 390
399 391
399 392
399 393
399 394
399 395
399 396
399 397
399 398
400 385
400 386
400 387
400 388
400 389
400 390
400 391
400 392
400 393
400 394
400 395
400 396
400 397
400 398
401 385
401 386
401 387
401 388
401 389
401 390
401 391
401 392
401 393
401 394
401 395
401 396
401 397
401 398
399 400
399 401
400 401
402 388
402 389
402 390
402 391
402 392
402 393
402 394
402 395
402 396
402 397
402 398
402 399
402 400
402 401
403 392
403 393
403 394
403 395
403 396
403 397
403 398
403 399
403 400
403 401
403 402
404 398
404 399
404 400
404 401
404 402
404 403
405 398
405 399
405 400
405 401
405 402
405 403
404 405
406 399
406 400
406 401
406 402
406 403
406 404
406 405
407 402
407 403
407 404
407 405
407 406
408 402
408 403
408 404
408 405
408 406
408 407
409 403
409 404
409 405
409 406
409 407
409 408
410 404
410 405
410 406
410 407
410 408
410 409
411 404
411 405
411 406
411 407
411 408
411 409
411 410
412 406
412 407
412 408
412 409
412 410
412 411
413 409
413 410
413 411
413 412
414 411
414 412
414 413
415 411
415 412
415 413
414 415
416 412
416 413
416 414
416 415
417 412
417 413
417 414
417 415
416 417
418 412
418 413
418 414
418 415
418 416
418 417
419 413
419 414
419 415
419 416
419 417
419 418
420 414
420 415
420 416
420 417
420 418
420 419
421 414
421 415
421 416
421 417
421 418
421 419
421 420
422 414
422 415
422 416
422 417
422 418
422 419
422 420
422 421
423 414
423 415
423 416
423 417
423 418
423 419
423 420
423 421
423 422
424 414
424 415
424 416
424 417
424 418
424 419
424 420
424 421
424 422
424 423
425 416
425 417
425 418
425 419
425 421
425 422
425 423
425 424
426 416
426 417
426 419
426 421
426 423
426 424
426 425
427 418
427 419
427 421
427 422
427 423
427 424
427 425
427 426
428 423
428 424
428 425
428 426
428 427
429 423
429 425
429 426
429 427
429 428
430 422
430 423
430 424
430 425
430 427
431 422
431 423
431 424
431 425
431 426
431 427
431 428
431 429
431 430
432 430
432 431
433 429
433 431
434 430
434 431
434 432
434 433
435 432
435 433
435 434
436 432
436 433
436 434
436 435
437 433
437 434
437 435
437 436
438 433
438 434
438 435
438 436
438 437
439 433
439 434
439 435
439 436
439 437
439 438
440 434
440 435
440 436
440 437
440 438
440 439
441 437
441 438
441 439
441 440
442 437
442 438
442 439
442 440
442 441
443 438
443 439
443 440
443 441
443 442
444 439
444 440
444 441
444 442
444 443
445 440
445 441
445 442
445 443
445 444
446 440
446 441
446 442
446 443
446 444
446 445
447 441
447 442
447 443
447 445
447 446
448 441
448 442
448 443
448 444
448 445
448 446
448 447
449 441
449 442
449 443
449 444
449 445
449 446
449 447
449 448
450 441
450 442
450 443
450 444
450 445
450 446
450 447
450 448
450 449
451 441
451 442
451 443
451 444
451 445
451 446
451 447
451 448
451 449
451 450
452 443
452 445
452 446
452 447
452 448
452 449
452 450
452 451
453 443
453 444
453 445
453 446
453 447
453 448
453 449
453 450
453 451
453 452
454 446
454 447
454 448
454 449
454 450
454 451
454 452
454 453
455 446
455 447
455 448
455 449
455 450
455 451
455 452
455 453
455 454
456 447
456 448
456 449
456 450
456 451
456 452
456 453
456 454
456 455
457 448
457 449
457 450
457 451
457 452
457 453
457 454
457 455
457 456
458 449
458 450
458 451
458 452
458 453
458 454
458 455
458 456
458 457
459 450
459 451
459 452
459 453
459 454
459 455
459 456
459 457
459 458
460 452
460 453
460 454
460 455
460 456
460 457
460 458
460 459
461 453
461 454
461 455
461 456
461 457
461 458
461 459
461 460
462 455
462 456
462 457
462 458
462 459
462 460
462 461
463 455
463 456
463 457
463 458
463 459
463 460
463 461
462 463
464 456
464 457
464 458
464 459
464 460
464 461
464 462
464 463
465 456
465 457
465 458
465 459
465 460
465 461
465 462
465 463
465 464
466 456
466 457
466 458
466 459
466 460
466 461
466 462
466 463
466 464
465 466
467 456
467 457
467 458
467 459
467 460
467 461
467 462
467 463
467 464
467 465
467 466
468 456
468 457
468 458
468 459
468 460
468 461
468 462
468 463
468 464
468 465
468 466
468 467
469 457
469 458
469 459
469 460
469 461
469 462
469 463
469 464
469 465
469 466
469 467
469 468
470 457
470 458
470 459
470 460
470 461
470 462
470 463
470 464
470 465
470 466
470 467
470 468
470 469
471 458
471 459
471 460
471 461
471 462
471 463
471 464
471 465
471 466
471 467
471 468
471 469
471 470
472 458
472 459
472 460
472 461
472 462
472 463
472 464
472 465
472 466
472 467
472 468
472 469
472 470
472 471
473 460
473 461
473 462
473 463
473 464
473 465
473 466
473 467
473 468
473 469
473 470
473 471
473 472
474 460
474 461
474 462
474 463
474 464
474 465
474 466
474 467
474 468
474 469
474 470
474 471
474 472
473 474
475 460
475 461
475 462
475 463
475 464
475 465
475 466
475 467
475 468
475 469
475 470
475 471
475 472
475 473
475 474
476 460
476 461
476 462
476 463
476 464
476 465
476 466
476 467
476 468
476 469
476 470
476 471
476 472
476 473
476 474
476 475
477 462
477 463
477 464
477 465
477 466
477 467
477 468
477 469
477 470
477 471
477 472
477 473
477 474
477 475
477 476
478 464
478 465
478 466
478 467
478 468
478 469
478 470
478 471
478 472
478 473
478 474
478 475
478 476
478 477
479 464
479 465
479 466
479 467
479 468
479 469
479 470
479 471
479 472
479 473
479 474
479 475
479 476
479 477
479 478
480 465
480 466
480 467
480 468
480 469
480 470
480 471
480 472
480 473
480 474
480 475
480 476
480 477
480 478
480 479
481 470
481 471
481 472
481 473
481 474
481 475
481 476
481 477
481 478
481 479
481 480
482 471
482 472
482 473
482 474
482 475
482 476
482 477
482 478
482 479
482 480
482 481
484 475
484 476
484 477
484 478
484 479
484 480
484 481
484 482
485 477
485 478
485 479
485 480
485 481
485 482
485 484
486 477
486 478
486 479
486 480
486 481
486 482
486 484
486 485
487 477
487 478
487 479
487 480
487 481
487 482
487 484
487 485
487 486
488 477
488 478
488 479
488 480
488 481
488 482
488 484
488 485
488 486
487 488
489 477
489 478
489 479
489 480
489 481
489 482
489 483
489 484
489 485
489 486
489 487
489 488
490 477
490 478
490 479
490 480
490 481
490 482
490 484
490 485
490 486
490 487
490 488
490 489
491 477
491 478
491 479
491 480
491 481
491 482
491 484
491 485
491 486
491 487
491 488
491 489
491 490
492 479
492 480
492 481
492 482
492 484
492 485
492 486
492 487
492 488
492 489
492 490
492 491
493 481
493 482
493 484
493 485
493 486
493 487
493 489
493 490
494 481
494 482
494 484
494 485
494 486
494 487
494 488
494 489
494 490
494 491
494 492
493 494
495 481
495 482
495 483
495 484
495 485
495 486
495 487
495 488
495 489
495 490
495 491
495 492
495 493
495 494
496 482
496 483
496 484
496 485
496 486
496 487
496 488
496 489
496 490
496 491
496 492
496 493
496 494
496 495
497 485
497 486
497 487
497 489
497 490
497 493
497 494
497 495
497 496
498 486
498 487
498 488
498 489
498 490
498 491
498 492
498 494
498 495
498 496
499 487
499 488
499 489
499 490
499 491
499 492
499 493
499 494
499 495
499 496
499 497
499 498
500 489
500 490
500 491
500 492
500 493
500 494
500 495
500 496
500 497
500 498
500 499
501 498
501 499
503 502
504 502
503 504
505 502
505 503
505 504
506 502
506 503
506 504
506 505
507 502
507 503
507 504
507 505
506 507
508 503
508 504
508 505
508 506
508 507
509 503
509 504
509 505
509 506
509 507
509 508
510 503
510 504
510 505
510 506
510 507
510 508
510 509
511 503
511 504
511 505
511 506
511 507
511 508
511 509
511 510
512 503
512 505
512 506
512 507
512 508
512 509
512 510
512 511
513 503
513 504
513 505
513 506
513 507
513 508
513 509
513 510
513 511
513 512
514 505
514 506
514 507
514 508
514 509
514 510
514 511
514 512
514 513
515 505
515 506
515 507
515 508
515 509
515 510
515 511
515 512
515 513
515 514
516 505
516 506
516 507
516 509
516 511
516 513
515 516
517 505
517 506
517 507
517 508
517 509
517 510
517 511
517 512
517 513
517 514
517 515
517 516
518 506
518 507
518 508
518 509
518 510
518 511
518 512
518 513
518 514
518 515
518 516
518 517
519 508
519 509
519 510
519 511
519 512
519 513
519 514
519 515
519 516
519 517
519 518
520 508
520 509
520 510
520 511
520 512
520 513
520 514
520 515
520 516
520 517
520 518
520 519
521 508
521 509
521 510
521 511
521 512
521 513
521 514
521 515
521 517
521 518
521 519
520 521
522 510
522 511
522 512
522 513
522 514
522 515
522 516
522 517
522 518
522 519
522 520
522 521
523 510
523 511
523 512
523 513
523 514
523 515
523 516
523 517
523 518
523 519
523 520
523 521
523 522
524 511
524 512
524 513
524 514
524 515
524 516
524 517
524 518
524 519
524 520
524 521
524 522
524 523
525 511
525 512
525 513
525 514
525 515
525 516
525 517
525 518
525 519
525 520
525 521
525 522
525 523
526 511
526 512
526 513
526 514
526 515
526 516
526 517
526 518
526 519
526 520
526 521
526 522
526 523
524 525
524 526
525 526
527 513
527 514
527 515
527 517
527 518
527 519
527 520
527 521
527 522
527 523
527 524
527 525
527 526
528 513
528 514
528 515
528 516
528 517
528 518
528 519
528 520
528 521
528 522
528 523
528 524
528 525
528 526
528 527
529 515
529 516
529 517
529 518
529 519
529 520
529 521
529 522
529 523
529 524
529 525
529 526
529 527
529 528
530 517
530 518
530 519
530 520
530 521
530 522
530 523
530 524
530 525
530 526
530 527
530 528
530 529
531 517
531 518
531 519
531 520
531 521
531 522
531 523
531 524
531 525
531 526
531 527
531 528
531 529
531 530
532 517
532 518
532 519
532 520
532 521
532 522
532 523
532 524
532 525
532 526
532 527
532 528
532 529
532 530
531 532
533 522
533 523
533 524
533 525
533 526
533 527
533 528
533 529
533 530
533 531
533 532
534 523
534 524
534 525
534 526
534 527
534 528
534 529
534 530
534 531
534 532
534 533
535 529
535 530
535 531
535 532
535 533
535 534
536 533
536 534
536 535
537 533
537 534
537 535
537 536
538 533
538 534
538 535
538 536
538 537
539 533
539 534
539 535
539 536
539 537
539 538
540 533
540 534
540 535
540 536
540 537
540 538
540 539
541 534
541 535
541 536
541 537
541 538
541 539
541 540
542 535
542 536
542 537
542 538
542 539
542 540
542 541
543 535
543 536
543 537
543 538
543 539
543 540
543 541
543 542
544 536
544 537
544 538
544 539
544 540
544 541
544 542
544 543
545 537
545 538
545 539
545 540
545 541
545 542
545 543
545 544
546 539
546 540
546 541
546 542
546 543
546 544
546 545
547 539
547 540
547 541
547 542
547 543
547 544
547 545
547 546
548 542
548 543
548 544
548 545
548 546
548 547
549 542
549 543
549 544
549 545
549 546
549 547
549 548
550 542
550 543
550 544
550 545
550 546
550 547
550 548
550 549
551 544
551 545
551 546
551 547
551 548
551 549
551 550
552 544
552 545
552 546
552 547
552 548
552 549
552 550
552 551
553 544
553 545
553 546
553 547
553 548
553 549
553 550
553 551
553 552
554 544
554 545
554 546
554 547
554 548
554 549
554 550
554 551
554 552
553 554
555 544
555 545
555 546
555 547
555 548
555 549
555 550
555 551
555 552
555 553
555 554
556 544
556 545
556 546
556 547
556 548
556 549
556 550
556 551
556 552
556 553
556 554
556 555
557 548
557 549
557 550
557 551
557 552
557 553
557 554
557 555
557 556
558 549
558 550
558 551
558 552
558 553
558 554
558 555
558 556
558 557
559 549
559 550
559 551
559 552
559 553
559 554
559 555
559 556
559 557
558 559
560 551
560 552
560 553
560 554
560 555
560 556
560 557
560 558
560 559
561 552
561 553
561 554
561 555
561 556
561 557
561 558
561 559
561 560
562 552
562 553
562 554
562 555
562 556
562 557
562 558
562 559
562 560
562 561
563 552
563 553
563 554
563 555
563 556
563 557
563 558
563 559
563 560
563 561
562 563
564 553
564 554
564 555
564 556
564 557
564 558
564 559
564 560
564 561
564 562
564 563
565 555
565 556
565 557
565 558
565 559
565 560
565 561
565 562
565 563
565 564
566 556
566 557
566 558
566 559
566 560
566 561
566 562
566 563
566 564
566 565
567 557
567 558
567 559
567 560
567 561
567 562
567 563
567 564
567 565
567 566
568 557
568 558
568 559
568 560
568 561
568 562
568 563
568 564
568 565
568 566
567 568
569 557
569 558
569 559
569 560
569 561
569 562
569 563
569 564
569 565
569 566
569 567
569 568
570 557
570 558
570 559
570 560
570 561
570 562
570 563
570 564
570 565
570 566
570 567
570 568
570 569
571 557
571 558
571 559
571 560
571 561
571 562
571 563
571 564
571 565
571 566
571 567
571 568
571 569
571 570
572 557
572 558
572 559
572 560
572 561
572 562
572 563
572 564
572 565
572 566
572 567
572 568
572 569
572 570
571 572
573 566
573 567
573 568
573 569
573 570
573 571
573 572
574 566
574 567
574 568
574 569
574 570
574 571
574 572
573 574
575 566
575 567
575 568
575 569
575 570
575 571
575 572
575 573
575 574
576 566
576 567
576 568
576 570
576 571
576 572
576 573
576 574
575 576
577 566
577 567
577 568
577 569
577 570
577 571
577 572
577 573
577 574
577 575
577 576
578 566
578 567
578 568
578 569
578 570
578 571
578 572
578 573
578 574
578 575
578 576
577 578
579 567
579 568
579 569
579 570
579 571
579 572
579 573
579 574
579 575
579 576
579 577
579 578
580 567
580 568
580 569
580 570
580 571
580 572
580 573
580 574
580 575
580 577
580 578
580 579
581 569
581 570
581 571
581 572
581 573
581 574
581 575
581 576
581 577
581 578
581 579
581 580
582 570
582 571
582 572
582 573
582 574
582 575
582 577
582 578
582 579
582 580
582 581
583 570
583 571
583 572
583 573
583 574
583 575
583 576
583 577
583 578
583 579
583 580
583 581
582 583
584 573
584 574
584 575
584 576
584 577
584 578
584 579
584 580
584 581
584 582
584 583
585 573
585 574
585 575
585 576
585 577
585 578
585 579
585 580
585 581
585 582
585 583
585 584
586 573
586 574
586 575
586 577
586 578
586 579
586 580
586 581
586 582
586 583
586 584
585 586
587 575
587 576
587 577
587 578
587 579
587 580
587 581
587 582
587 583
587 584
587 585
587 586
588 577
588 578
588 579
588 581
588 583
588 584
588 585
588 586
588 587
589 579
589 580
589 581
589 582
589 583
589 584
589 585
589 586
589 587
589 588
590 580
590 581
590 582
590 583
590 584
590 585
590 586
590 587
590 588
590 589
591 580
591 581
591 582
591 583
591 584
591 585
591 586
591 587
591 588
591 589
591 590
592 587
592 588
592 589
592 590
592 591
593 587
593 588
593 589
593 590
593 591
593 592
594 590
594 591
594 592
595 592
595 593
595 594
596 592
596 594
596 595
597 592
597 593
597 595
598 592
598 593
598 595
598 597
599 595
599 596
599 597
599 598
600 595
600 596
600 597
600 598
600 599
601 595
601 596
601 597
601 598
601 599
600 601
602 597
602 598
602 599
602 600
602 601
603 596
603 597
603 598
603 599
603 600
603 601
603 602
604 597
604 598
604 599
604 600
604 601
604 602
604 603
605 597
605 598
605 599
605 600
605 601
605 602
605 603
605 604
606 597
606 598
606 599
606 600
606 601
606 602
606 603
606 604
606 605
607 597
607 598
607 599
607 600
607 601
607 602
607 603
607 604
607 605
607 606
608 597
608 598
608 599
608 600
608 601
608 602
608 603
608 604
608 605
608 606
608 607
609 597
609 598
609 599
609 600
609 601
609 602
609 603
609 604
609 605
609 606
609 607
610 597
610 598
610 599
610 600
610 601
610 602
610 603
610 604
610 605
610 606
610 607
608 609
608 610
609 610
611 598
611 599
611 600
611 601
611 602
611 603
611 604
611 605
611 606
611 607
611 608
611 609
611 610
612 598
612 599
612 600
612 601
612 602
612 603
612 604
612 605
612 606
612 607
612 608
612 609
612 610
612 611
613 598
613 599
613 600
613 601
613 602
613 603
613 604
613 605
613 606
613 607
613 608
613 609
613 610
613 611
613 612
614 599
614 600
614 601
614 602
614 603
614 604
614 605
614 606
614 607
614 608
614 609
614 610
614 611
614 612
614 613
615 599
615 600
615 601
615 602
615 603
615 604
615 605
615 606
615 607
615 608
615 609
615 610
615 611
615 612
615 613
615 614
616 599
616 600
616 601
616 602
616 603
616 604
616 605
616 606
616 607
616 608
616 609
616 610
616 611
616 612
616 613
616 614
617 599
617 600
617 601
617 602
617 603
617 605
617 606
617 607
617 608
617 609
617 610
617 611
617 612
617 613
617 614
615 616
615 617
616 617
618 602
618 603
618 604
618 605
618 606
618 607
618 608
618 609
618 610
618 611
618 612
618 613
618 614
618 615
618 616
618 617
