1.12499 -18.7964 -0.597672 1
-25.7879 -12.5267 -0.906067 1
8.35333 -21.822 -0.165718 1
23.48 18.6638 -1.15808 1
10.4123 19.0911 -0.589554 1
-3.42595 32.3792 0.9231 2
4.06791 36.6141 -1.41695 2
31.8102 -10.0771 -0.751425 2
20.2207 -13.3622 0.155955 2
20.4026 -16.7997 0.173159 2
-2.71164 38.3281 0.722717 2
2.42787 26.1866 -1.26093 2
-4.581 19.0074 -1.59243 2
-4.7518 19.0433 -0.18005 2
-11.5096 -5.77191 -0.945044 3
-32.2311 -16.3926 -0.276679 3
-39.3091 -6.2245 -0.0807045 3
43.3518 21.7104 0.427422 3
-3.37508 27.6923 -0.597393 3
-31.8735 -9.76812 0.073007 3
26.7888 18.2727 -0.129543 3
13.1744 12.0147 0.0658011 3
-40.7405 14.7952 -0.425477 3
-29.9733 -8.02264 -0.195942 3
38.4069 21.6748 0.261538 3
-16.7048 14.5819 -0.345289 3
23.4247 16.8804 -0.0981616 3
21.8207 -6.13308 -0.100432 3
42.5728 12.0655 0.807004 3
1.92851 -34.2383 0.544979 3
-36.2218 14.9652 -1.41817 3
-41.0326 -4.10298 -0.966759 3
15.1901 47.8466 -0.75344 2
30.5081 -20.9635 -0.519408 2
10.0309 -23.4523 -0.0696706 1
-26.5363 -10.6327 -0.944625 1
36.1585 -5.55846 0.4842 3
-3.88892 44.8773 0.859791 2
15.9897 -14.8039 -0.0505573 3
11.9946 -26.7366 0.653782 3
-0.548491 -6.64433 -1.02043 3
20.9601 38.925 -0.531441 3
14.6558 21.0295 -0.399903 2
15.5931 30.1641 -1.13265 1
31.9452 30.6254 -0.127002 2
-2.46857 -37.0102 0.864079 3
16.3804 42.2714 -0.03061 3
34.2421 46.3889 -0.711154 2
14.0988 48.6488 0.947041 2
25.8337 -30.8675 -1.10301 2
63.6731 24.7988 0.177421 2
21.0125 -34.2854 -0.572994 2
21.7913 -41.2457 -0.438526 2
32.2189 -33.2891 -0.636262 2
43.2669 46.5449 0.0418901 3
10.6223 28.0905 -0.881863 2
73.8826 11.7937 0.451897 3
62.8857 21.2787 -0.352834 2
82.3071 -5.22792 0.316081 2
49.5561 -8.42967 0.594547 2
14.3138 18.9706 -0.528125 1
54.7949 -14.8751 0.032213 2
62.2711 35.8858 -0.893048 1
105.265 11.7547 1.19923 3
115.211 -5.78179 1.84315 3
112.473 -9.43157 1.09145 2
109.627 -9.96133 1.39947 2
118.712 -17.0707 -0.178435 2
136.73 11.7501 1.37569 3
167.652 11.889 1.95342 3
198.718 11.9469 2.73555 3
196.354 -13.6817 0.35519 2
194.384 -14.1813 0.267852 2
198.248 -12.5353 0.721472 2
192.944 -8.90735 0.797365 2
230.083 11.9857 3.03605 3
190.521 -5.33703 2.15254 2
196.068 -4.84422 2.40493 2
243.878 -4.76352 3.31345 3
192.286 -14.8064 0.0407917 2
218.943 -15.2284 1.67249 2
218.574 -12.8117 2.60275 2
216.027 -14.3548 2.03643 2
263.938 11.8685 2.96419 3
231.643 -7.88752 2.75228 2
280.828 -2.50292 3.63685 3
298.181 11.911 3.91413 3
251.794 -9.47598 3.35516 2
275.724 18.2744 3.42536 2
276.519 -7.87589 3.31718 2
289.13 16.4631 3.91418 2
312.44 -2.58968 4.19414 3
275.286 -10.071 3.2803 2
284.162 -7.02553 3.36794 2
282.975 -12.3308 3.30136 2
293.295 -8.79931 3.57868 2
288.672 -8.76967 3.573 2
307.087 18.0944 4.13261 2
280.561 -8.77467 3.29294 2
341.102 -2.68308 4.88255 3
331.955 11.629 4.43668 3
341.375 15.9334 3.83056 3
330.505 17.6467 4.55857 2
319.306 11.7058 2.51302 3
348.955 -2.61478 4.54194 3
355.59 23.8008 4.14633 3
331.424 19.4335 3.07958 2
321.519 16.2581 3.31084 2
348.976 22.1321 2.72874 1
327.632 19.4911 4.19986 2
366.068 12.8567 4.45107 3
307.018 18.1716 4.70459 2
320.571 18.4553 3.72744 2
358.678 15.5921 3.347 3
368.955 -21.9006 4.49818 2
366.66 -2.82768 4.6963 3
343.248 21.5437 4.14662 3
373.363 22.8629 3.98326 2
355.363 25.6257 3.04644 3
355.62 21.7953 3.86992 3
354.628 45.0205 2.61637 2
366.346 -21.9827 4.44408 2
378.156 30.9322 3.8604 2
386.359 19.7733 5.34057 2
329.693 20.9524 2.56712 2
385.382 -2.85163 4.65642 3
360.141 46.8726 2.44988 2
390.751 -8.67791 4.43181 2
381.394 13.9663 3.98092 3
404.558 -9.35742 5.15819 2
392.024 22.667 3.67872 2
374.519 31.3481 4.1696 2
407.125 -9.97948 5.3076 2
411.175 -9.1082 5.00495 2
397.282 11.5064 5.35954 3
384.685 25.1705 3.35323 2
414.971 -9.28632 5.07658 2
417.5 -3.05043 5.63184 3
392.48 -10.0573 4.72083 2
420.61 -8.56413 4.82828 2
425.063 -9.75134 5.64469 2
367.005 12.0557 3.68613 3
376.537 -30.2974 5.64738 2
