0 2
0 3
0 4
0 5
0 7
1 2
1 3
1 4
1 5
1 6
1 7
2 3
2 4
2 5
2 6
2 7
3 4
3 5
3 6
3 7
4 5
4 6
4 7
5 6
5 7
6 7
8 0
8 1
8 2
8 3
8 4
8 5
8 6
8 7
9 1
9 2
9 3
9 4
9 5
9 6
9 7
9 8
10 1
10 2
10 3
10 4
10 5
10 6
10 7
10 8
9 10
12 11
13 11
13 12
14 12
14 13
15 12
15 13
15 14
16 13
16 14
16 15
17 14
17 15
17 16
18 14
18 15
18 16
18 17
19 15
19 16
19 17
19 18
20 16
20 17
20 18
20 19
21 17
21 18
21 19
21 20
22 17
22 18
22 19
22 20
22 21
23 21
23 22
24 21
24 22
24 23
25 22
25 23
25 24
26 22
26 23
26 24
26 25
27 23
27 24
27 25
27 26
28 23
28 24
28 25
28 26
28 27
29 23
29 24
29 26
29 27
29 28
30 23
30 24
30 25
30 26
30 27
30 28
30 29
31 23
31 24
31 25
31 26
31 27
31 28
31 29
31 30
32 25
32 26
32 27
32 28
32 30
32 31
35 34
36 33
37 34
37 35
38 34
38 35
38 37
39 34
39 35
39 37
39 38
40 34
40 35
40 37
40 38
40 39
41 34
41 35
41 37
41 38
41 39
41 40
42 34
42 35
42 37
42 38
42 39
42 40
42 41
43 33
43 34
43 35
43 36
43 37
43 39
44 33
44 36
45 43
45 44
46 44
46 45
47 45
47 46
49 48
50 48
49 50
51 48
51 49
51 50
52 48
52 49
52 50
52 51
53 48
53 49
53 50
53 51
53 52
54 48
54 49
54 50
54 51
54 52
53 54
55 48
55 49
55 50
55 51
55 52
55 53
55 54
56 48
56 49
56 50
56 51
56 52
56 53
56 54
56 55
57 53
57 54
57 55
57 56
58 53
58 54
58 55
58 56
58 57
59 55
59 56
59 57
59 58
60 55
60 56
60 57
60 58
60 59
61 57
61 58
61 59
61 60
62 57
62 58
62 59
62 60
62 61
63 62
64 62
64 63
65 62
65 63
65 64
66 62
66 63
66 64
65 66
67 63
67 64
67 65
67 66
68 64
69 63
69 64
69 65
69 66
69 67
70 63
70 64
70 65
70 66
70 67
69 70
71 64
71 68
72 64
72 68
72 71
73 64
73 68
73 71
73 72
74 63
74 64
74 65
74 66
74 67
74 68
74 69
74 70
74 72
74 73
75 64
75 68
75 71
75 72
75 73
75 74
76 68
76 71
76 72
76 73
76 74
76 75
77 68
77 71
77 72
77 73
77 74
77 75
77 76
78 75
78 76
78 77
79 76
79 77
79 78
81 80
82 80
82 81
83 81
83 82
84 80
84 81
84 82
83 84
85 80
85 81
85 82
85 83
85 84
86 80
86 81
86 82
86 83
86 84
86 85
87 80
87 81
87 82
87 83
87 84
87 85
87 86
88 80
88 81
88 82
88 83
88 84
88 85
88 86
88 87
89 80
89 81
89 82
89 83
89 84
89 85
89 86
89 87
88 89
90 80
90 81
90 82
90 84
90 85
90 86
90 87
90 88
90 89
91 81
91 82
91 83
91 84
91 85
91 86
91 87
91 88
91 89
91 90
92 81
92 82
92 83
92 84
92 85
92 86
92 87
92 88
92 89
92 90
92 91
93 82
93 83
93 84
93 85
93 86
93 87
93 88
93 89
93 90
93 91
93 92
94 82
94 83
94 84
94 85
94 86
94 87
94 88
94 89
94 90
94 91
94 92
95 82
95 83
95 84
95 85
95 86
95 87
95 88
95 89
95 90
95 91
95 92
93 94
93 95
94 95
96 86
96 87
96 88
96 89
96 90
96 91
96 92
96 93
96 94
96 95
97 86
97 87
97 88
97 89
97 90
97 91
97 92
97 93
97 94
97 95
97 96
98 97
99 97
99 98
100 98
101 98
101 99
101 100
102 98
102 99
102 100
101 102
103 98
103 99
103 100
103 101
103 102
104 98
104 99
104 100
104 101
104 102
104 103
106 100
106 101
106 102
106 103
106 104
107 100
107 101
107 102
107 103
107 104
106 107
108 100
108 101
108 102
108 103
108 104
108 106
108 107
109 100
109 101
109 102
109 103
109 104
109 106
109 107
108 109
110 100
110 101
110 102
110 103
110 104
110 106
110 107
110 108
110 109
111 100
111 101
111 102
111 103
111 104
111 106
111 107
111 108
111 109
112 100
112 101
112 102
112 103
112 104
112 106
112 107
112 108
113 100
113 101
113 102
113 103
113 104
113 106
113 107
113 108
113 109
110 111
110 112
110 113
111 112
111 113
112 113
114 100
114 101
114 102
114 103
114 104
114 106
114 107
114 108
114 109
114 110
114 111
114 113
115 101
115 102
115 103
115 104
115 106
115 107
115 110
115 111
115 112
115 113
116 100
116 101
116 102
116 103
116 104
116 105
116 106
116 107
116 108
116 109
116 110
116 111
116 112
116 113
116 114
116 115
117 104
117 106
117 107
117 110
117 111
117 112
117 113
117 115
117 116
118 100
118 101
118 102
118 103
118 104
118 105
118 106
118 107
118 108
118 109
118 110
118 111
118 112
118 113
118 114
118 115
118 116
118 117
119 104
119 105
119 112
119 115
119 116
119 117
119 118
120 103
120 104
120 105
120 106
120 107
120 108
120 110
120 111
120 112
120 113
120 115
120 116
120 117
120 118
120 119
121 104
121 106
121 107
121 108
121 109
121 110
121 111
121 112
121 113
121 114
121 115
121 116
121 117
121 118
121 119
121 120
122 106
122 107
122 108
122 109
122 110
122 111
122 112
122 113
122 114
122 115
122 116
122 117
122 118
122 119
122 120
122 121
123 105
123 106
123 107
123 108
123 109
123 110
123 111
123 112
123 113
123 114
123 115
123 116
123 117
123 118
123 119
123 120
123 121
123 122
124 115
124 116
124 117
124 118
124 119
124 120
124 121
124 122
124 123
125 115
125 116
125 118
125 120
125 121
125 122
125 123
126 115
126 116
126 117
126 118
126 119
126 120
126 121
126 122
126 123
124 125
124 126
125 126
127 117
127 119
127 120
127 124
127 126
128 124
128 125
129 128
130 128
130 129
131 130
132 130
132 131
133 130
133 131
133 132
134 130
134 131
134 132
134 133
135 130
135 131
135 132
135 133
135 134
136 130
136 131
136 132
136 133
136 134
136 135
137 130
137 131
137 132
137 133
137 134
137 135
137 136
138 130
138 131
138 132
138 133
138 135
138 136
138 137
139 130
139 131
139 132
139 133
139 134
139 136
139 137
140 130
140 131
140 132
140 133
140 134
140 135
140 136
140 137
140 138
140 139
141 131
141 132
141 133
141 134
141 135
141 136
141 137
141 138
141 139
141 140
142 131
142 132
142 133
142 134
142 135
142 136
142 137
142 138
142 139
142 140
142 141
143 133
143 134
143 136
143 137
143 138
143 139
143 140
143 141
144 131
144 132
144 133
144 134
144 135
144 136
144 137
144 138
144 139
144 140
144 141
144 142
144 143
145 131
145 132
145 133
145 134
145 135
145 136
145 139
145 141
145 142
146 131
146 132
146 133
146 134
146 135
146 136
146 137
146 139
146 140
146 141
146 142
144 145
144 146
145 146
147 133
147 134
147 135
147 136
147 137
147 138
147 139
147 140
147 141
147 142
147 143
147 144
147 145
147 146
148 136
148 137
148 139
148 140
148 141
148 142
148 143
148 144
148 145
148 146
148 147
149 147
149 148
150 147
150 148
152 151
153 151
153 152
154 151
154 152
154 153
155 151
155 152
155 153
155 154
156 151
156 152
156 153
156 154
156 155
157 154
157 155
157 156
158 154
158 155
158 156
158 157
159 155
159 156
159 157
159 158
160 155
160 156
160 157
160 158
160 159
161 155
161 156
161 157
161 158
161 159
161 160
162 157
162 158
162 159
162 160
162 161
163 157
163 158
163 159
163 160
163 162
164 157
164 158
164 159
164 160
164 162
164 163
165 157
165 158
165 159
165 160
165 161
165 162
165 163
165 164
166 157
166 158
166 159
166 160
166 161
166 162
166 163
166 164
166 165
168 167
169 167
169 168
171 170
