0 1
0 2
0 3
0 4
0 5
0 6
0 7
0 8
1 2
1 3
1 4
1 5
1 6
1 7
1 8
2 3
2 4
2 5
2 6
2 7
2 8
3 4
3 5
3 7
3 8
4 5
4 6
4 7
4 8
5 7
5 8
6 7
6 8
7 8
9 1
9 2
9 3
9 4
9 5
9 8
10 0
10 1
10 2
10 3
10 4
10 5
10 7
10 8
11 0
11 1
11 2
11 3
11 4
11 5
11 6
11 7
11 8
12 0
12 1
12 2
12 3
12 4
12 5
12 7
12 8
9 10
9 11
9 12
10 11
10 12
11 12
13 0
13 1
13 2
13 3
13 4
13 5
13 7
13 8
13 9
13 10
13 11
13 12
14 1
14 2
14 3
14 4
14 5
14 8
14 9
14 10
14 11
14 12
14 13
15 1
15 2
15 3
15 4
15 5
15 8
15 9
15 10
15 11
15 12
15 13
15 14
16 0
16 1
16 2
16 3
16 4
16 5
16 7
16 8
16 9
16 10
16 11
16 12
16 13
16 14
15 16
17 1
17 2
17 3
17 4
17 5
17 8
17 9
17 10
17 11
17 12
17 13
17 14
17 15
17 16
18 0
18 1
18 2
18 3
18 4
18 5
18 7
18 8
18 9
18 10
18 11
18 12
18 13
18 14
18 15
18 16
18 17
19 0
19 1
19 2
19 3
19 4
19 5
19 8
19 9
19 10
19 11
19 12
19 13
19 14
19 15
19 16
19 17
18 19
20 1
20 2
20 3
20 4
20 5
20 8
20 9
20 10
20 11
20 12
20 13
20 14
20 15
20 16
20 17
20 18
20 19
21 0
21 1
21 2
21 3
21 4
21 5
21 6
21 7
21 8
21 9
21 10
21 11
21 12
21 13
21 14
21 15
21 16
21 17
21 18
21 19
20 21
22 0
22 1
22 2
22 3
22 4
22 5
22 6
22 7
22 8
22 9
22 10
22 11
22 12
22 13
22 14
22 15
22 16
22 17
22 18
22 19
22 20
22 21
23 1
23 2
23 3
23 4
23 5
23 8
23 9
23 10
23 11
23 12
23 13
23 14
23 15
23 16
23 17
23 18
23 19
23 20
23 21
24 1
24 2
24 3
24 4
24 5
24 8
24 9
24 10
24 11
24 12
24 13
24 14
24 15
24 16
24 17
24 18
24 19
24 20
24 21
25 0
25 1
25 2
25 3
25 4
25 5
25 7
25 8
25 9
25 10
25 11
25 12
25 13
25 14
25 15
25 16
25 17
25 18
25 19
25 20
25 21
22 23
22 24
22 25
23 24
23 25
24 25
26 0
26 1
26 2
26 3
26 4
26 5
26 7
26 8
26 9
26 10
26 11
26 12
26 13
26 14
26 15
26 16
26 17
26 18
26 19
26 20
26 21
26 22
26 23
26 24
26 25
27 0
27 1
27 2
27 3
27 4
27 5
27 7
27 8
27 9
27 10
27 11
27 12
27 13
27 14
27 15
27 16
27 17
27 18
27 19
27 20
27 21
27 22
27 23
27 24
27 25
27 26
28 0
28 1
28 2
28 3
28 4
28 5
28 8
28 9
28 10
28 11
28 12
28 13
28 14
28 15
28 16
28 17
28 18
28 19
28 20
28 21
28 22
28 23
28 24
28 25
28 26
28 27
29 0
29 1
29 2
29 3
29 4
29 5
29 7
29 8
29 9
29 10
29 11
29 12
29 13
29 14
29 15
29 16
29 17
29 18
29 19
29 20
29 21
29 22
29 23
29 24
29 25
29 26
29 27
28 29
30 0
30 1
30 2
30 3
30 4
30 5
30 6
30 7
30 8
30 9
30 10
30 11
30 12
30 13
30 14
30 15
30 16
30 17
30 18
30 19
30 20
30 21
30 22
30 23
30 24
30 25
30 26
30 27
30 28
30 29
31 1
31 2
31 3
31 4
31 5
31 8
31 9
31 10
31 11
31 12
31 13
31 14
31 15
31 16
31 17
31 18
31 19
31 20
31 21
31 22
31 23
31 24
31 25
31 26
31 27
31 28
31 29
30 31
32 0
32 1
32 2
32 3
32 4
32 5
32 6
32 7
32 8
32 9
32 10
32 11
32 12
32 13
32 14
32 15
32 16
32 17
32 18
32 19
32 20
32 21
32 22
32 23
32 24
32 25
32 26
32 27
32 28
32 29
32 30
32 31
33 1
33 2
33 3
33 4
33 5
33 8
33 9
33 10
33 11
33 12
33 13
33 14
33 15
33 16
33 17
33 18
33 19
33 20
33 21
33 22
33 23
33 24
33 25
33 26
33 27
33 28
33 29
33 30
33 31
33 32
34 9
34 10
34 11
34 12
34 13
34 14
34 15
34 16
34 17
34 18
34 19
34 20
34 21
34 22
34 23
34 24
34 25
34 26
34 27
34 28
34 29
34 30
34 31
34 32
34 33
35 13
35 14
35 15
35 16
35 17
35 18
35 19
35 20
35 21
35 22
35 23
35 24
35 25
35 26
35 27
35 28
35 29
35 30
35 31
35 32
35 33
35 34
36 14
36 15
36 16
36 17
36 18
36 19
36 20
36 21
36 22
36 23
36 24
36 25
36 26
36 27
36 28
36 29
36 30
36 31
36 32
36 33
36 34
36 35
37 14
37 15
37 16
37 17
37 18
37 19
37 20
37 21
37 22
37 23
37 24
37 25
37 26
37 27
37 28
37 29
37 30
37 31
37 32
37 33
37 34
37 35
36 37
38 14
38 15
38 16
38 17
38 18
38 19
38 20
38 21
38 22
38 23
38 24
38 25
38 26
38 27
38 28
38 29
38 30
38 31
38 32
38 33
38 34
38 35
38 36
38 37
39 14
39 15
39 16
39 17
39 18
39 19
39 20
39 21
39 22
39 23
39 24
39 25
39 26
39 27
39 28
39 29
39 30
39 31
39 32
39 33
39 34
39 35
39 36
39 37
39 38
40 15
40 16
40 17
40 18
40 19
40 20
40 21
40 22
40 23
40 24
40 25
40 26
40 27
40 28
40 29
40 30
40 31
40 32
40 33
40 34
40 35
40 36
40 37
40 38
40 39
41 21
41 22
41 23
41 24
41 26
41 27
41 30
41 32
41 33
41 34
41 35
41 36
41 37
41 38
41 40
42 21
42 22
42 23
42 24
42 25
42 26
42 27
42 30
42 31
42 32
42 33
42 34
42 35
42 36
42 37
42 38
42 40
41 42
43 22
43 23
43 24
43 25
43 26
43 27
43 28
43 30
43 31
43 32
43 33
43 34
43 35
43 36
43 37
43 38
43 40
43 41
43 42
44 26
44 27
44 28
44 30
44 31
44 32
44 33
44 34
44 35
44 36
44 37
44 38
44 40
44 41
44 42
44 43
45 27
45 28
45 29
45 30
45 31
45 32
45 33
45 34
45 35
45 36
45 38
45 39
45 40
45 43
46 28
46 29
46 30
46 31
46 32
46 35
46 36
46 38
46 39
46 40
46 45
47 28
47 29
47 30
47 31
47 32
47 33
47 34
47 35
47 36
47 37
47 38
47 39
47 40
47 41
47 42
47 43
47 44
47 45
48 30
48 33
48 34
48 36
48 37
48 38
48 41
48 42
48 43
48 44
48 47
49 32
49 33
49 34
49 35
49 36
49 37
49 38
49 39
49 40
49 41
49 42
49 43
49 44
49 47
49 48
50 33
50 34
50 36
50 37
50 38
50 41
50 42
50 43
50 44
50 47
50 48
50 49
51 36
51 37
51 38
51 41
51 42
51 43
51 44
51 47
51 48
51 49
51 50
52 36
52 37
52 38
52 41
52 42
52 43
52 44
52 47
52 48
52 49
52 50
51 52
53 36
53 37
53 38
53 39
53 40
53 41
53 42
53 43
53 44
53 45
53 47
53 48
53 49
53 50
53 51
53 52
54 41
54 42
54 43
54 44
54 48
54 49
54 50
54 51
54 52
55 41
55 42
55 43
55 44
55 47
55 48
55 49
55 50
55 51
55 52
55 53
55 54
56 43
56 44
56 47
56 48
56 49
56 50
56 51
56 52
56 53
56 54
56 55
57 55
57 56
58 55
58 56
58 57
59 57
59 58
60 59
61 58
61 59
62 59
62 61
63 59
63 60
63 61
63 62
64 61
64 62
64 63
65 62
65 63
65 64
66 64
66 65
67 64
67 65
67 66
68 64
68 65
68 66
67 68
69 65
69 66
69 67
69 68
70 65
70 66
70 67
70 68
70 69
71 65
71 66
71 67
71 68
71 69
71 70
72 66
72 67
72 68
72 69
72 70
72 71
73 66
73 67
73 68
73 69
73 70
73 71
73 72
74 66
74 67
74 68
74 69
74 70
74 71
74 72
74 73
75 71
75 73
75 74
76 72
76 73
76 74
76 75
78 76
78 77
79 76
79 77
79 78
80 75
80 76
80 77
80 78
80 79
81 76
81 77
81 78
81 79
81 80
82 77
82 78
82 79
82 80
82 81
83 80
84 82
84 83
85 82
85 83
85 84
86 81
86 82
86 83
86 84
85 86
87 81
87 82
88 84
88 85
88 86
88 87
89 88
90 88
90 89
91 89
91 90
92 90
92 91
93 90
93 91
93 92
94 91
94 92
94 93
95 91
95 92
95 93
95 94
96 91
96 92
96 93
96 94
96 95
97 91
97 92
97 93
97 94
97 95
97 96
98 92
98 93
98 94
98 95
98 96
98 97
99 92
99 93
99 94
99 95
99 96
99 97
99 98
100 92
100 93
100 94
100 95
100 96
100 97
100 98
100 99
101 94
101 95
101 96
101 97
101 98
101 99
101 100
102 95
102 96
102 97
102 98
102 99
102 100
102 101
103 98
103 99
103 100
103 101
103 102
104 103
105 103
105 104
106 104
106 105
107 104
107 105
107 106
108 105
108 106
108 107
109 107
109 108
110 107
110 108
109 110
111 109
111 110
112 111
113 111
113 112
114 111
114 112
114 113
115 111
115 112
115 113
115 114
116 111
116 112
116 113
116 114
116 115
117 111
117 112
117 113
117 114
117 115
117 116
118 111
118 112
118 113
118 114
118 115
118 116
118 117
119 111
119 112
119 113
119 114
119 115
119 116
119 117
119 118
120 113
120 114
120 115
120 116
120 117
120 118
120 119
121 113
121 114
121 115
121 116
121 117
121 118
121 119
121 120
122 119
122 120
122 121
123 122
124 122
124 123
125 122
125 123
125 124
126 122
126 123
126 124
126 125
127 122
127 123
127 124
127 125
126 127
128 125
128 126
129 125
129 126
128 129
130 125
130 126
130 128
130 129
131 123
131 124
131 125
131 126
131 127
131 128
131 129
131 130
132 123
132 124
132 125
132 126
132 127
132 131
133 125
133 126
133 128
133 129
133 130
133 131
134 124
134 125
134 126
134 127
134 128
134 129
134 130
134 131
134 132
133 134
135 128
135 129
135 130
135 131
135 132
135 133
135 134
136 131
136 132
136 133
136 134
136 135
137 132
137 134
137 135
137 136
138 133
138 134
138 135
138 136
138 137
139 136
139 137
139 138
140 138
140 139
141 139
141 140
142 141
143 142
144 142
144 143
145 142
145 143
145 144
146 142
146 143
146 144
146 145
147 142
147 143
147 144
147 145
146 147
148 143
148 144
148 145
148 146
148 147
149 143
149 144
149 145
149 146
149 147
149 148
150 143
150 144
150 145
150 146
150 147
150 148
150 149
151 144
151 145
151 146
151 147
151 148
151 149
151 150
152 144
152 145
152 146
152 147
152 148
152 149
152 150
151 152
153 145
153 146
153 147
153 148
153 149
153 150
153 151
153 152
154 148
154 149
154 150
154 151
154 152
154 153
155 150
155 151
155 152
155 153
155 154
156 150
156 151
156 152
156 153
156 154
156 155
157 150
157 151
157 152
157 153
157 154
157 155
157 156
158 151
158 152
158 153
158 154
158 155
158 156
158 157
159 151
159 152
159 153
159 154
159 155
159 156
159 157
159 158
160 154
160 155
160 156
160 157
160 158
160 159
