-15.6548 -3.54767 -1.11329 1
-4.2615 -3.16303 -0.91966 1
9.5028 -2.91317 -0.763535 1
35.2343 6.60955 0.348607 2
16.8058 -2.79577 0.0730385 2
35.3044 -2.54074 0.59678 2
-32.5694 -4.70248 -0.993541 2
-19.4535 -6.43635 -0.468334 3
6.81026 -5.42172 -0.369585 3
48.3312 14.1815 0.764589 2
29.4964 -2.5563 -0.753505 1
-8.51306 -3.38454 -0.862946 2
33.9444 -5.10145 0.296862 3
34.7992 15.3637 -0.145192 2
50.2184 20.9039 0.00466329 3
60.3243 12.1213 0.0549759 2
40.3574 -2.57147 -0.383999 1
47.9149 35.8839 -0.876352 2
50.2949 -3.62957 0.952427 2
50.8076 24.2147 -0.758049 2
46.8904 38.0896 -1.11204 1
34.1604 24.3962 -0.714817 2
37.7839 11.4223 -0.754234 1
59.7838 20.0254 -0.263259 2
59.4074 27.819 -0.295135 2
34.097 33.3857 -0.922462 2
51.4247 -4.61039 1.04196 3
47.3059 26.0631 -1.6075 1
44.5496 38.0317 -1.80904 1
33.1759 42.1366 -1.63505 2
38.066 18.6172 -1.02263 1
59.1046 36.2754 -0.189133 2
35.8928 27.1154 -1.57926 1
75.9886 -0.305483 0.34952 2
75.5247 9.3132 1.54978 2
66.0901 25.0633 0.264346 2
36.1214 10.0193 -0.791016 1
82.1701 -0.989779 1.01802 2
38.2078 10.2281 -0.736381 1
57.6241 44.9102 -1.29324 2
50.2867 30.2 -0.783338 2
79.9468 -22.4865 2.1402 2
72.0444 -21.4158 1.804 2
63.7899 -15.142 1.10054 3
64.6464 -20.7199 1.76141 2
48.2566 38.3453 -0.897468 1
35.311 46.4335 -2.78455 1
89.2481 4.11988 0.0487179 3
72.8468 -38.4178 3.30564 2
91.9643 -10.4949 1.16428 1
65.1673 -37.7601 3.20526 2
71.658 -42.3845 3.51807 1
63.8708 -32.6009 2.44686 3
97.6488 -3.41369 1.47128 2
52.4976 -48.4568 4.02635 3
80.8598 -39.0737 3.83197 2
73.5055 -43.157 3.54278 1
88.5888 -40.3249 4.0068 2
75.502 -43.1684 3.57654 1
66.4305 -40.1984 2.61192 1
97.6459 -3.22442 3.06905 2
58.4884 -70.9302 4.89622 1
50.4606 -51.1362 2.92319 1
78.7179 -52.6593 3.41529 1
52.3685 -65.2849 4.90508 3
32.9241 -49.7376 3.40264 1
66.3066 -95.1624 7.05023 3
74.4427 -81.8426 6.44056 2
73.4538 -78.9782 5.84529 2
77.4493 -84.3939 6.58117 2
83.0369 -87.0214 7.02028 2
57.3689 -79.1491 6.10049 3
80.2176 -104.956 8.6093 3
53.914 -82.5747 6.28217 3
72.7093 -111.101 9.17991 3
32.8345 -83.004 5.28113 1
44.7957 -80.8475 6.15481 3
91.8177 -136.293 11.5034 3
98.2076 -112.146 9.46575 2
106.745 -96.646 9.35988 2
84.3606 -104.103 7.96239 2
111.247 -112.182 11.2883 2
68.8426 -130.879 10.1554 1
59.1526 -73.5232 4.80504 1
55.4723 -124.353 9.89957 1
61.5498 -119.969 9.68434 1
66.0243 -118.804 10.1629 3
114.61 -157.437 13.5946 3
116.945 -156.896 12.5319 1
128.638 -176.825 15.737 3
122.794 -163.282 12.8883 1
157.146 -177.859 16.5719 2
121.102 -176.959 14.5083 1
157.888 -162.274 15.3282 2
161.745 -205.728 18.4833 2
146.117 -188.255 15.9881 3
160.181 -184.612 16.6303 2
142.001 -203.144 16.4722 3
159.261 -197.139 17.1779 2
155.319 -193.117 16.6155 3
155.296 -222.348 19.137 3
176.284 -191.278 17.7433 2
189.495 -189.59 18.1219 2
158.08 -244.194 21.7643 3
153.428 -255.805 21.0192 1
159.925 -266.04 23.4515 3
148.71 -236.313 19.4937 1
161.667 -287.932 25.1834 3
179.346 -286.727 25.369 2
154.747 -311.806 27.0237 3
153.665 -258.935 21.2036 1
154.514 -332.223 29.0163 2
146.344 -331.438 28.245 2
145.95 -325.29 27.5523 2
156.848 -335.851 29.3602 3
132.501 -331.546 28.3801 2
139.351 -318.952 27.3162 3
123.479 -331.543 28.1349 3
132.046 -320.536 26.223 1
155.44 -347.527 30.4961 2
153.104 -316.158 27.0632 2
149.323 -326.246 27.6671 2
159.27 -360.099 32.0086 3
159.87 -378.633 34.6256 2
164.153 -384.155 34.8474 3
117.295 -357.386 31.2572 2
135.52 -383.013 34.2061 2
163.315 -391.935 35.342 2
113.821 -351.674 30.3904 2
121.458 -351.091 30.4976 3
121.5 -351.341 30.3435 2
133.16 -382.037 33.8754 3
169.371 -404.54 37.2446 2
117.424 -374.736 32.5104 3
152.727 -390.943 35.1155 3
149.232 -378.273 33.5764 2
173.93 -419.027 38.9312 3
178.1 -426.611 39.4494 3
169.392 -402.659 35.9494 3
169.095 -411.592 36.5859 3
187.638 -454.903 42.2358 3
193.937 -445.724 41.323 3
213.716 -474.068 44.1745 3
208.306 -476.128 45.1693 2
196.359 -489.933 44.9465 3
210.012 -494.888 47.0903 2
212.849 -495.767 47.313 2
227.187 -465.714 42.5014 1
205.355 -476.161 44.9566 2
212.759 -474.25 44.1297 3
217.571 -496.369 47.1474 2
220.66 -498.561 47.7438 2
207.61 -477.316 45.1655 2
188.047 -479.249 44.3568 3
198.869 -497.69 47.0264 2
212.521 -483.602 46.1833 2
202.03 -486.91 44.8249 3
214.562 -497.544 48.0371 2
211.354 -496.19 47.8428 2
194.835 -495.059 46.3481 2
230.911 -503.608 49.3497 2
