0 2
0 3
0 4
0 5
0 6
0 7
0 8
0 9
0 10
0 11
0 12
0 13
0 14
1 2
1 3
1 4
1 5
1 6
1 7
1 8
1 9
1 10
1 11
1 12
1 13
1 14
2 3
2 4
2 5
2 6
2 7
2 8
2 9
2 10
2 12
2 13
2 14
3 4
3 5
3 6
3 7
3 8
3 9
3 10
3 11
3 12
3 13
3 14
4 5
4 6
4 7
4 8
4 9
4 10
4 11
4 12
4 13
4 14
5 6
5 7
5 8
5 9
5 10
5 11
5 12
5 13
5 14
6 7
6 8
6 9
6 10
6 11
6 12
6 13
6 14
7 8
7 9
7 10
7 12
7 13
7 14
8 9
8 10
8 11
8 12
8 13
8 14
9 10
9 11
9 12
9 13
9 14
10 11
10 12
10 13
10 14
11 12
11 13
11 14
12 13
12 14
13 14
15 0
15 2
15 3
15 5
15 6
15 7
15 8
15 10
15 12
15 13
15 14
16 0
16 2
16 3
16 6
16 7
16 8
16 10
16 12
16 13
16 14
16 15
17 0
17 2
17 3
17 4
17 5
17 6
17 7
17 8
17 9
17 10
17 11
17 12
17 13
17 14
17 15
17 16
18 0
18 2
18 3
18 4
18 5
18 6
18 7
18 8
18 9
18 10
18 11
18 12
18 13
18 14
18 15
18 16
18 17
20 19
21 19
21 20
23 22
24 22
24 23
25 22
25 23
25 24
26 22
26 23
26 24
26 25
27 22
27 23
27 24
27 25
27 26
29 28
30 28
30 29
31 28
31 29
31 30
32 28
32 29
32 30
32 31
33 29
33 30
33 31
33 32
34 29
34 30
34 31
34 32
33 34
35 29
35 30
35 31
35 32
35 33
35 34
36 29
36 30
36 31
36 32
36 33
36 34
36 35
37 29
37 30
37 31
37 32
37 33
37 34
37 35
37 36
38 30
38 31
38 32
38 33
38 34
38 35
38 36
38 37
39 31
39 32
39 33
39 34
39 35
39 36
39 37
39 38
40 37
40 38
40 39
41 37
41 38
41 39
40 41
42 37
42 38
42 39
42 40
42 41
43 39
43 40
43 41
43 42
44 40
44 41
44 42
44 43
45 40
45 41
45 42
45 43
45 44
46 43
46 44
46 45
47 45
47 46
48 45
48 46
49 47
49 48
50 47
50 48
50 49
51 47
51 48
51 49
51 50
52 47
52 48
52 49
52 50
52 51
53 49
53 50
53 51
53 52
54 49
54 50
54 51
54 52
54 53
55 52
55 53
55 54
56 53
56 54
56 55
57 53
57 54
57 55
57 56
58 53
58 54
58 55
58 56
58 57
59 53
59 54
59 55
59 56
59 57
59 58
60 53
60 54
60 55
60 56
60 57
60 58
60 59
61 55
61 56
61 57
61 58
61 59
61 60
62 55
62 56
62 57
62 58
62 59
62 60
62 61
63 55
63 56
63 58
63 59
63 60
63 61
62 63
64 56
64 57
64 58
64 59
64 60
64 61
64 62
64 63
65 56
65 57
65 58
65 59
65 60
65 61
65 62
65 63
65 64
66 56
66 57
66 58
66 59
66 60
66 61
66 62
66 63
66 64
65 66
67 57
67 58
67 59
67 60
67 61
67 62
67 63
67 64
67 65
67 66
68 60
68 61
68 62
68 63
68 64
68 65
68 66
68 67
69 60
69 61
69 62
69 63
69 64
69 65
69 66
69 67
68 69
70 61
70 62
70 63
70 64
70 65
70 66
70 67
70 68
70 69
71 65
71 66
71 67
71 68
71 69
71 70
72 70
72 71
73 71
73 72
74 71
74 72
74 73
75 72
75 73
75 74
76 72
76 73
76 74
75 76
77 72
77 73
77 74
77 75
77 76
78 72
78 73
78 74
78 75
78 76
78 77
79 72
79 73
79 74
79 75
79 76
79 77
79 78
80 75
80 76
80 77
80 78
80 79
81 80
82 80
82 81
83 82
84 83
85 83
85 84
86 83
86 84
86 85
87 84
87 85
87 86
88 85
88 86
88 87
90 89
91 89
90 91
92 89
92 90
92 91
93 89
93 90
93 91
93 92
94 89
94 90
94 91
94 92
95 89
95 90
95 91
95 92
93 94
93 95
94 95
96 89
96 90
96 91
96 92
96 93
96 94
96 95
97 89
97 90
97 91
97 92
97 93
97 94
97 95
98 89
98 90
98 91
98 92
98 93
98 94
98 95
96 97
96 98
97 98
99 89
99 90
99 91
99 92
99 93
99 94
99 95
99 96
99 97
99 98
100 89
100 90
100 91
100 92
100 93
100 94
100 95
100 96
100 97
100 98
100 99
101 89
101 90
101 91
101 92
101 93
101 94
101 95
101 96
101 97
101 98
101 99
100 101
102 89
102 90
102 91
102 92
102 94
102 95
102 97
102 98
102 99
102 100
102 101
103 89
103 90
103 91
103 92
103 93
103 94
103 95
103 96
103 97
103 98
103 99
103 100
103 101
102 103
104 89
104 90
104 91
104 92
104 94
104 95
104 97
104 98
104 99
104 100
104 101
104 102
104 103
105 89
105 90
105 91
105 92
105 93
105 94
105 95
105 96
105 97
105 98
105 99
105 100
105 101
105 102
105 103
104 105
106 90
106 91
106 92
106 93
106 94
106 95
106 96
106 97
106 98
106 99
106 100
106 101
106 102
106 103
106 104
106 105
107 102
107 103
107 104
107 105
107 106
108 107
109 107
109 108
110 107
110 108
110 109
111 108
111 109
111 110
112 108
112 109
112 110
112 111
113 108
113 109
113 110
113 111
113 112
114 108
114 109
114 110
114 111
114 112
114 113
115 108
115 109
115 110
115 111
115 112
115 113
114 115
116 108
116 109
116 110
116 111
116 112
116 113
116 114
116 115
117 108
117 109
117 110
117 111
117 112
117 113
117 114
117 115
117 116
118 108
118 109
118 110
118 111
118 112
118 113
118 114
118 115
118 116
118 117
119 108
119 109
119 110
119 111
119 112
119 113
119 114
119 115
119 116
119 117
118 119
120 108
120 109
120 110
120 111
120 112
120 113
120 114
120 115
120 116
120 117
120 118
120 119
121 109
121 110
121 112
121 117
122 108
122 109
122 110
122 111
122 112
122 113
122 114
122 115
122 116
122 117
122 118
122 119
122 120
122 121
123 108
123 109
123 110
123 111
123 112
123 113
123 114
123 115
123 116
123 117
123 118
123 119
123 120
123 122
124 108
124 109
124 110
124 111
124 112
124 113
124 114
124 115
124 116
124 117
124 118
124 119
124 120
124 122
123 124
125 110
125 111
125 112
125 113
125 114
125 115
125 116
125 117
125 118
125 119
125 120
125 122
125 123
125 124
126 110
126 111
126 112
126 113
126 114
126 115
126 116
126 117
126 118
126 119
126 120
126 122
126 123
126 124
126 125
127 111
127 112
127 113
127 114
127 115
127 116
127 117
127 118
127 119
127 120
127 121
127 122
127 123
127 124
127 125
127 126
128 111
128 112
128 113
128 114
128 115
128 116
128 117
128 118
128 119
128 120
128 121
128 122
128 123
128 124
128 125
128 126
127 128
129 111
129 112
129 113
129 114
129 115
129 116
129 117
129 118
129 119
129 120
129 121
129 122
129 123
129 124
129 125
129 126
129 127
129 128
130 111
130 112
130 113
130 114
130 115
130 116
130 117
130 118
130 119
130 120
130 122
130 123
130 124
130 125
130 126
130 127
130 128
130 129
131 111
131 112
131 113
131 114
131 115
131 116
131 117
131 118
131 119
131 120
131 121
131 122
131 123
131 124
131 125
131 126
131 127
131 128
131 129
130 131
132 111
132 112
132 113
132 114
132 115
132 116
132 117
132 118
132 119
132 120
132 121
132 122
132 123
132 124
132 125
132 126
132 127
132 128
132 129
132 130
132 131
133 112
133 113
133 114
133 115
133 116
133 117
133 118
133 119
133 120
133 121
133 122
133 123
133 124
133 125
133 126
133 127
133 128
133 129
133 130
133 131
133 132
134 115
134 116
134 117
134 118
134 121
134 122
134 123
134 124
134 125
134 127
134 128
134 129
134 131
134 132
134 133
135 117
135 118
135 120
135 121
135 122
135 123
135 124
135 125
135 126
135 127
135 128
135 129
135 130
135 131
135 132
135 133
135 134
136 117
136 118
136 119
136 120
136 121
136 122
136 123
136 124
136 125
136 126
136 127
136 128
136 129
136 130
136 131
136 132
136 133
136 134
136 135
137 118
137 119
137 120
137 121
137 122
137 123
137 124
137 125
137 126
137 127
137 128
137 129
137 130
137 131
137 132
137 133
137 134
137 135
137 136
138 120
138 121
138 122
138 123
138 124
138 125
138 126
138 127
138 128
138 129
138 130
138 131
138 132
138 133
138 134
138 135
138 136
138 137
139 123
139 124
139 125
139 126
139 127
139 128
139 129
139 130
139 131
139 132
139 134
139 135
139 136
139 137
139 138
140 125
140 126
140 127
140 128
140 129
140 130
140 132
140 133
140 136
140 137
140 138
140 139
141 125
141 126
141 127
141 128
141 129
141 130
141 131
141 132
141 133
141 134
141 135
141 136
141 137
141 138
141 139
141 140
142 127
142 128
142 129
142 131
142 132
142 133
142 134
142 135
142 136
142 137
142 138
142 139
142 141
143 126
143 127
143 128
143 129
143 130
143 131
143 132
143 133
143 136
143 137
143 138
143 139
143 140
143 141
144 127
144 128
144 129
144 130
144 131
144 132
144 133
144 136
144 137
144 138
144 139
144 140
144 141
144 143
145 134
145 135
145 136
145 137
145 138
145 139
145 140
145 141
145 142
145 143
145 144
146 134
146 135
146 136
146 137
146 138
146 139
146 140
146 141
146 142
146 143
146 144
147 134
147 135
147 136
147 137
147 138
147 139
147 140
147 141
147 142
147 143
147 144
145 146
145 147
146 147
148 135
148 136
148 137
148 138
148 139
148 141
148 142
148 145
148 146
148 147
149 137
149 138
149 139
149 141
149 142
149 144
149 145
149 146
149 147
149 148
150 137
150 138
150 139
150 140
150 141
150 142
150 143
150 144
150 145
150 146
150 147
150 148
149 150
151 137
151 138
151 139
151 141
151 142
151 144
151 145
151 146
151 147
151 148
151 149
151 150
152 138
152 139
152 140
152 141
152 142
152 143
152 144
152 145
152 146
152 147
152 148
152 149
152 150
152 151
153 139
153 141
153 142
153 145
153 146
153 147
153 148
153 149
153 150
153 151
153 152
154 140
154 141
154 143
154 144
154 145
154 146
154 147
154 150
154 152
155 142
155 143
155 144
155 145
155 146
155 147
155 148
155 149
155 150
155 151
155 152
155 153
155 154
156 145
156 146
156 147
156 149
156 150
156 151
156 152
156 153
156 154
156 155
157 148
157 149
157 150
157 151
157 152
157 153
157 154
157 155
157 156
158 149
158 150
158 151
158 152
158 154
158 155
158 156
158 157
159 149
159 150
159 151
159 152
159 153
159 154
159 155
159 156
159 157
159 158
160 151
160 152
160 153
160 154
160 155
160 156
160 157
160 158
160 159
161 152
161 154
161 155
161 156
161 157
161 158
161 159
161 160
162 156
162 157
162 158
162 159
162 160
162 161
163 156
163 157
163 158
163 159
163 160
163 161
163 162
164 158
164 159
164 160
164 161
164 162
164 163
165 159
165 160
165 161
165 162
165 163
165 164
166 159
166 160
166 161
166 162
166 163
166 164
166 165
167 162
167 163
167 164
167 165
167 166
168 162
168 163
168 164
168 165
168 166
168 167
169 164
169 165
169 166
169 167
169 168
170 164
170 165
170 166
170 167
170 168
170 169
171 164
171 165
171 166
171 167
171 168
171 169
170 171
172 165
172 166
172 167
172 168
172 169
172 170
172 171
173 165
173 166
173 167
173 168
173 169
173 170
173 171
173 172
174 166
174 167
174 168
174 169
174 170
174 171
174 172
174 173
175 167
175 168
175 169
175 170
175 171
175 172
175 173
175 174
176 167
176 168
176 169
176 170
176 171
176 172
176 173
176 174
176 175
177 167
177 168
177 169
177 170
177 171
177 172
177 173
177 174
177 175
176 177
178 167
178 168
178 169
178 170
178 171
178 172
178 173
178 174
178 175
178 176
178 177
179 167
179 168
179 169
179 170
179 171
179 172
179 173
179 174
179 175
179 176
179 177
179 178
180 167
180 168
180 169
180 170
180 171
180 172
180 173
180 174
180 175
180 176
180 177
180 178
181 167
181 168
181 169
181 170
181 171
181 172
181 173
181 174
181 175
181 176
181 177
181 178
179 180
179 181
180 181
182 169
182 170
182 171
182 172
182 173
182 174
182 175
182 176
182 177
182 178
182 179
182 180
182 181
183 169
183 170
183 171
183 172
183 173
183 174
183 175
183 176
183 177
183 178
183 179
183 180
183 181
182 183
184 170
184 171
184 172
184 173
184 174
184 175
184 176
184 177
184 178
184 179
184 180
184 181
184 182
184 183
185 174
185 175
185 176
185 177
185 178
185 179
185 180
185 181
185 182
185 183
185 184
186 176
186 177
186 178
186 179
186 180
186 181
186 182
186 183
186 184
186 185
187 176
187 177
187 178
187 179
187 180
187 181
187 182
187 184
187 185
187 186
188 178
188 179
188 180
188 181
188 182
188 183
188 184
188 185
188 186
188 187
189 178
189 179
189 180
189 181
189 182
189 183
189 184
189 185
189 186
189 187
189 188
190 182
190 183
190 184
190 185
190 186
190 187
190 188
190 189
191 182
191 184
191 185
191 186
191 187
191 188
191 189
190 191
192 182
192 183
192 184
192 185
192 186
192 188
192 189
192 190
193 185
193 186
193 187
193 189
193 190
193 192
194 193
195 194
196 194
196 195
197 194
197 195
197 196
199 198
200 198
200 199
201 199
201 200
202 201
203 201
203 202
204 202
204 203
205 202
205 203
205 204
206 202
206 203
206 204
206 205
207 202
207 203
207 204
207 205
206 207
208 202
208 203
208 204
208 205
208 206
208 207
209 204
209 205
209 206
209 207
209 208
210 205
210 206
210 207
210 208
210 209
211 209
211 210
212 209
212 210
212 211
213 211
213 212
214 211
214 212
214 213
