23.506 31.8749 -2.01052 2
17.4033 20.0651 -0.751184 2
-5.36326 -17.3335 -0.471843 2
-28.4823 -13.2905 -0.208162 2
12.6421 -15.2691 -0.0675207 2
12.3772 16.2809 -0.714207 2
-10.3232 -11.7002 -0.520916 2
10.2999 15.7319 -0.73762 2
-1.51181 -11.3784 -0.417775 2
-24.153 -8.23239 -0.990966 2
-10.4088 -21.4048 -0.042996 2
29.0757 -8.84967 0.343958 2
40.0591 -8.41195 0.615136 2
48.186 -5.92706 0.114629 3
-28.1698 8.00557 -0.060261 3
16.8401 -6.48452 -0.198195 3
31.9955 14.6389 0.369019 3
18.1732 36.0222 -2.21225 2
17.6967 26.6886 -1.50881 2
51.2734 -8.13043 0.432776 2
23.893 26.8868 -1.97379 2
24.4708 -14.733 0.283091 2
24.2883 19.9176 -0.348118 2
43.3848 -24.3332 0.859759 2
9.48826 27.7078 -2.11317 3
6.81086 24.2728 -2.19067 2
27.4468 29.2989 -1.89458 2
33.789 -24.6506 0.714523 2
53.4043 -23.934 1.05091 2
2.39515 8.78215 0.392594 3
62.0024 -8.06943 0.516049 2
62.756 -23.4272 1.13163 2
71.5652 -11.2112 0.693919 2
79.8272 -1.91828 1.12481 3
78.1365 -18.7744 0.881974 2
61.2308 31.9963 -1.21984 2
38.699 15.0133 -0.326084 3
80.0418 -29.903 1.11123 2
61.2544 40.7101 -0.997053 2
92.3205 14.1579 1.52245 3
57.0853 45.1921 -1.17885 2
79.9363 -40.1829 1.43986 2
91.7095 -11.0915 1.30076 3
104.015 -18.834 0.814709 2
100.177 -29.233 0.981656 2
96.3046 -34.8952 1.44201 3
110.751 -10.2629 0.711023 3
97.2297 -39.7942 0.998321 2
99.7722 -1.01032 0.174821 3
115.427 15.5904 1.12322 3
120.639 -5.42612 0.755305 2
95.4889 -50.5686 1.29768 2
116.994 -5.09903 -0.143334 3
82.1742 -36.3822 1.06518 3
93.848 -61.4847 2.86538 2
81.7804 -26.2183 -0.193376 3
107.249 -9.82334 -0.153857 3
131.678 -3.67664 0.448485 2
81.4328 -42.7598 1.57713 3
111.018 15.3163 0.600556 3
70.5154 -57.9896 2.97988 2
77.5021 -64.3261 2.99328 2
91.8264 -63.4074 2.61927 3
76.1338 -75.3808 3.76189 2
98.5331 -84.2411 3.73705 2
74.7637 -86.9133 4.3927 2
76.0825 -59.09 2.69738 3
89.6301 -89.3397 4.42391 2
88.0004 -88.5119 4.45626 3
60.4664 -52.52 2.612 1
73.7513 -95.1254 5.2043 2
99.4937 -70.7382 3.64164 2
98.8599 -72.7948 3.6996 3
88.0457 -99.5214 5.09571 2
59.3303 -56.6382 3.17931 2
72.2443 -107.95 6.12063 2
94.3125 -82.0869 3.23982 3
86.4875 -109.961 5.86701 2
84.2935 -112.516 6.98218 3
82.4829 -105.235 4.71174 1
84.7459 -120.344 6.29157 2
69.7778 -121.874 7.36499 2
81.6205 -130.561 7.29728 2
65.3537 -133.526 7.44238 2
81.0731 -113.509 5.18719 1
78.5184 -125.648 5.98468 1
77.4029 -140.27 8.07012 2
59.8949 -143.353 8.57153 2
72.116 -149.842 8.64534 2
52.9676 -150.754 9.36195 2
77.5314 -136.37 8.00918 3
66.0916 -157.627 8.87094 2
64.417 -156.912 9.44945 3
58.7913 -164.442 10.4136 2
60.368 -157.925 8.50838 1
44.0976 -157.499 10.5416 2
50.277 -170.146 10.2512 2
45.1222 -170.976 10.9801 3
33.7331 -161.179 11.5216 2
42.7108 -175.863 11.0042 2
47.3068 -184.208 11.1468 2
47.033 -186.166 12.1062 3
39.1296 -177.652 11.8098 3
20.7148 -181.479 12.63 2
27.5313 -158.089 11.8182 3
16.5542 -181.317 13.4309 3
20.7576 -158.742 11.7025 1
25.9395 -180.258 11.8976 3
19.3857 -165.64 12.4393 3
6.90429 -186.55 13.9209 2
22.3765 -142.547 12.8416 2
15.9321 -170.575 12.7102 3
-4.80995 -193.389 15.0877 2
-13.7804 -203.32 16.2697 2
-26.0162 -202.92 16.6285 3
-13.3437 -229.505 18.2053 2
-8.38869 -258.572 20.7615 2
-5.0014 -240.141 19.2998 2
2.69397 -246.092 20.3529 2
-1.5523 -245.193 19.637 3
11.5929 -251.238 20.9599 2
-11.6663 -252.235 20.1262 3
-18.8753 -243.096 19.5116 3
20.7908 -256.249 21.9515 2
21.6698 -258.789 21.9331 3
4.12761 -229.038 18.9602 3
29.8996 -261.303 22.551 2
13.3149 -257.723 20.6619 1
38.9071 -266.29 22.7394 2
45.9006 -272.205 24.4091 3
49.0943 -277.173 23.0835 1
65.9604 -297.182 25.1289 2
68.9075 -284.987 26.4056 3
74.1157 -302 25.7331 2
63.1778 -285.242 23.834 1
54.9547 -280.913 23.3964 1
61.7215 -296.52 24.2175 1
89.2988 -294.844 26.3322 2
79.874 -283.68 25.5513 2
67.5594 -282.26 24.6948 2
73.2555 -299.623 24.8458 3
60.6955 -302.862 24.6411 1
77.4927 -286.087 25.1551 2
89.7792 -298.299 25.725 3
87.3613 -292.047 25.786 3
82.9525 -281.034 24.964 1
82.6656 -308.418 26.0309 2
101.84 -313.369 27.0529 2
51.5324 -278.729 23.4815 1
88.5142 -275.277 25.5605 1
91.621 -272.287 26.8041 2
99.8449 -264.812 27.6419 2
103.867 -324.977 27.4829 2
89.0892 -318.21 26.6585 2
102.242 -322.011 27.2882 3
101.987 -336.405 27.5645 2
53.364 -280.369 23.4955 1
89.8224 -329.51 27.0715 2
61.938 -299.353 24.2169 1
91.4614 -322.188 26.4332 3
97.2934 -346.836 27.9265 2
94.7006 -347.784 27.8587 3
88.871 -355.456 27.9145 2
85.3802 -339.521 27.6511 2
78.169 -361.134 28.3935 2
72.8162 -361.385 29.0881 3
76.966 -346.44 28.1882 2
67.1532 -364.319 28.9955 2
54.6452 -352.092 30.5346 2
67.888 -350.007 29.0228 2
56.1823 -365.648 29.5193 2
68.0631 -351.511 28.8141 3
41.8809 -353.645 31.4169 2
46.5875 -365.427 30.7066 3
44.5578 -367.912 30.3966 2
34.0809 -354.925 31.4569 2
27.9988 -372.819 31.8479 2
20.8664 -356.581 32.3734 2
23.9674 -367.203 30.9894 1
17.2989 -370.395 32.5625 3
29.3543 -374.415 30.2643 1
30.5341 -379.096 30.2693 1
23.2757 -359.953 31.3781 1
6.14569 -350.636 32.6214 2
23.5 -357.956 31.9056 3
30.9996 -382.455 30.2168 1
28.8838 -370.562 30.6808 3
32.4794 -387.973 30.246 1
30.0115 -390.863 32.2435 3
-5.28001 -360.193 34.2605 2
34.1708 -389.975 31.6787 2
8.78328 -362.872 32.2586 1
35.5942 -391.903 30.4413 1
34.6544 -399.827 32.1154 2
-5.7117 -365.04 33.9297 1
40.7439 -397.206 30.3262 1
32.4724 -384.02 30.2756 1
43.055 -398.718 30.4871 1
-11.9562 -374.812 34.0659 2
3.55795 -364.333 32.6775 1
47.395 -402.905 30.6679 1
12.0596 -369.034 31.9695 1
52.2094 -404.121 30.6523 1
45.5361 -401.875 31.2898 2
17.2968 -367.888 31.5122 1
56.6707 -405.711 30.8546 1
39.5968 -396.222 30.2917 1
56.9366 -398.268 30.9741 1
37.7051 -394.741 30.5061 1
60.1628 -407.028 31.896 2
77.7127 -408.292 32.7106 2
79.693 -408.325 31.9749 1
93.8554 -407.775 33.982 2
57.9817 -406.245 30.9396 1
64.7264 -416.128 32.7106 2
66.2039 -399.772 31.2693 1
57.7061 -411.259 32.0471 3
88.4926 -406.727 32.2329 1
85.427 -407.121 32.0377 1
79.1767 -412.92 32.5658 3
73.0184 -400.195 31.7077 1
70.6231 -414.635 32.0114 3
77.2447 -400.316 31.8248 1
87.4368 -393.908 33.0003 2
118.122 -404.842 34.3013 2
97.1264 -406.088 32.5954 1
91.7231 -412.937 33.3931 3
99.3837 -406.475 32.6691 1
103.408 -405.98 32.9477 1
129.008 -403.707 34.7248 2
101.101 -406.464 32.7444 1
91.7435 -406.667 32.3585 1
108.657 -406.265 34.3884 2
106.122 -405.872 33.133 1
130.504 -402.61 35.4409 3
106.4 -396.042 34.1743 3
136.439 -403.055 35.1648 2
121.815 -408.959 34.6693 3
123.722 -392.279 34.6212 1
138.229 -402.539 35.1708 1
140.213 -391.873 36.3702 3
135.479 -410.093 35.466 3
154.885 -399.533 36.4274 1
153.059 -400.435 36.9169 2
167.638 -398.759 39.0754 2
165.559 -388.591 38.7626 3
157.542 -387.892 36.9301 3
155.119 -404.618 37.3713 3
141.037 -400.392 35.424 1
155.432 -383.505 36.7352 2
183.888 -395.457 39.8352 2
157.305 -398.794 36.9971 1
143.205 -401.255 35.7428 2
172.702 -397.29 38.0289 1
155.225 -375.237 36.2279 1
138.31 -400.574 35.1609 1
154.658 -369.806 36.395 1
161.745 -383.311 37.0344 1
149.176 -376.041 36.2266 1
162.526 -398.083 37.1302 1
179.606 -396.266 38.404 1
196.392 -394.602 40.702 2
160.233 -399.114 36.9305 1
175.389 -396.68 38.2473 1
181.273 -384.854 39.4748 2
190.72 -385.806 41.0343 3
188.899 -384.698 39.5877 1
181.482 -396.546 38.5968 1
180.029 -401.483 38.7122 3
201.325 -394.017 40.1088 1
222.466 -395.252 42.7759 2
223.22 -386.214 43.2111 3
224.604 -384.656 42.8747 2
227.455 -395.186 42.1596 1
231.724 -389.278 42.5148 1
239.835 -396.931 42.8958 1
203.704 -394.167 40.4233 1
251.793 -400.24 44.5923 2
252.829 -391.142 44.7598 3
233.717 -389.797 42.8782 1
266.246 -404.563 45.1715 2
229.536 -395.58 42.4252 1
270.9 -406.032 44.7825 1
292.891 -414.675 46.7156 2
280.74 -409.729 45.9401 2
285.133 -411.069 45.0618 1
300.009 -421.949 45.8455 3
273.122 -407.214 44.8531 1
282.17 -400.362 46.1884 3
326.884 -429.035 45.7553 1
287.299 -412.165 45.0975 1
351.949 -445.348 47.1848 2
333.566 -436.727 45.7577 1
342.981 -439.771 45.7465 1
362.355 -451.449 46.113 2
333.91 -439.973 47.1411 3
346.186 -446.019 45.8671 1
374.433 -458.797 46.65 2
378.262 -450.715 46.2863 3
364.139 -456.407 45.4803 1
383.662 -465.116 46.2641 2
350.645 -430.392 46.004 2
375.205 -464.665 45.0535 1
396.233 -473.746 45.3848 2
391.533 -474.413 44.5904 2
399.161 -464.852 45.7307 3
411.216 -484.571 45.2771 2
417.008 -477.693 45.0062 3
424.851 -495.137 44.7694 2
431.963 -500.897 44.4405 2
419.974 -490.864 43.3117 1
397.178 -479.276 44.0506 1
410.397 -490.583 44.2227 2
442.749 -497.676 43.7342 3
426.521 -502.984 43.9917 2
452.672 -513.989 43.7129 2
457.928 -501.682 43.1262 3
458.968 -526.311 43.5122 2
454.03 -509.856 43.504 3
455.307 -511.088 44.1525 2
437.998 -513.213 43.2494 2
451.988 -494.522 43.7874 2
464.834 -487.439 43.8662 2
477.317 -481.049 43.4155 2
488.502 -475.066 43.5023 2
483.5 -487.812 42.1921 3
499.269 -468.849 43.0024 2
476.57 -493.782 42.3661 1
509.545 -463.39 42.4699 2
513.232 -471.619 40.9862 3
522.416 -446.646 41.2677 2
532.602 -451.634 40.6946 3
538.359 -457.874 41.1906 3
524.268 -444.499 41.467 3
522.706 -467.891 40.906 3
546.528 -444.072 40.8037 3
534.448 -468.166 40.4812 3
550.85 -440.581 40.6377 2
516.992 -438.709 41.8306 2
532.214 -483.622 40.9635 2
542.052 -502.685 39.4034 2
562.84 -444.581 39.8962 3
560.443 -435.56 40.4757 2
515.938 -438.271 41.7559 3
507.388 -428.875 42.7123 2
493.709 -419.524 43.3901 2
513.089 -448.208 41.6066 3
501.208 -439.844 41.9287 2
497.441 -437.294 42.5432 2
476.314 -412.185 43.7431 2
498.173 -442.546 42.0604 2
492.408 -432.676 42.4341 2
491.403 -430.585 41.5308 2
464.528 -407.71 41.3512 1
458.866 -405.314 42.4818 2
461.678 -403.301 41.8412 3
437.613 -395.802 41.8218 2
437.62 -393.446 42.4723 3
428.49 -391.891 41.7357 2
453.955 -398.815 42.056 3
451.198 -384.323 42.2044 3
454.247 -380.95 42.7202 2
457.034 -377.175 42.5735 1
461.869 -406.251 41.3783 1
409.789 -381.705 41.0006 2
460.617 -371.119 43.532 2
436.762 -391.54 41.023 1
465.741 -363.23 44.7055 2
424.747 -390.583 40.2187 1
411.555 -380.007 40.8602 3
415.214 -379.876 40.8243 3
403.532 -373.335 40.1267 2
385.372 -366.311 39.5057 2
419.451 -381.999 40.132 1
420.364 -383.338 40.3753 3
409.233 -376.173 39.8811 1
405.918 -371.384 39.8697 2
383.378 -379.493 38.7003 2
370.861 -355.678 39.2607 2
374.449 -358.67 37.8568 1
388.878 -387.27 39.0084 1
390.621 -389.722 38.9612 1
358.169 -345.217 38.3929 2
354.131 -337.022 37.1792 3
339.493 -340.258 36.9463 3
361.232 -344.324 37.9172 3
336.649 -322.685 36.8171 2
343.608 -323.461 36.6638 3
356.819 -334.674 37.2358 2
385.277 -366.221 40.32 2
321.77 -339.259 36.254 2
318.657 -318 34.64 3
368.757 -310.576 37.4436 2
364.629 -323.151 37.1828 2
324.869 -309.6 35.4399 2
368.353 -298.894 37.6203 2
370.889 -318.901 37.6409 3
318.433 -338.091 35.5826 2
308.191 -310.906 33.9846 2
320.899 -304.23 34.415 2
367.562 -284.926 37.5084 3
359.085 -305.004 38.0089 3
358.143 -280.393 38.1239 2
357.818 -270.748 38.6594 2
358.669 -267.395 38.3807 1
352.728 -291.28 38.3104 2
350.625 -286.849 37.9441 3
349.127 -278.175 37.08 1
354.691 -281.763 37.8612 3
359.013 -265.316 38.3986 1
363.612 -248.954 39.2857 2
330.955 -260.358 38.7663 3
368.158 -240.755 40.0684 2
364.611 -233.685 40.504 2
358.898 -261.632 38.6905 2
384.344 -225.846 41.1608 2
380.888 -228.958 40.3847 1
372.623 -228.098 40.1052 1
387.845 -221.243 41.7755 2
413.565 -218.439 41.7728 2
385.539 -221.232 40.7921 1
423.005 -219.668 41.6845 2
407.357 -219.282 40.9505 1
359.115 -264.036 38.415 1
436.503 -221.881 42.1836 2
440.425 -219.797 42.0119 3
451.03 -224.815 42.2686 2
456.961 -225.764 42.3877 2
382.921 -227.407 40.0953 1
409.321 -219.164 40.8372 1
440.648 -222.878 40.9642 1
471.878 -229.252 42.45 2
467.833 -225.235 42.1642 3
460.448 -226.965 41.1202 1
467.717 -228.467 41.1103 1
491.027 -232.932 42.2181 2
498.102 -229.611 42.7903 2
475.178 -230.01 41.0402 1
486.131 -231.883 41.0834 1
493.915 -234.049 41.0967 1
509.094 -237.131 42.4407 2
526.443 -241.423 42.0705 2
493.954 -230.88 42.0167 3
503.471 -236.237 40.9105 1
520.731 -237.087 41.7202 3
520.475 -240.272 40.8884 1
539.935 -245.254 41.877 2
553.552 -248.74 41.3037 2
496.109 -234.54 40.938 1
547.155 -244.091 41.6362 3
566.813 -252.482 41.6455 2
551.297 -240.777 40.5448 2
579.41 -256.46 41.4938 2
558.102 -250.342 40.8323 1
560.504 -257.851 40.4275 1
576.663 -252.643 41.5317 3
592.968 -260.347 41.5903 2
569.869 -260.787 40.6083 1
562.09 -246.191 41.8819 2
602.724 -263.824 41.3581 2
567.883 -247.855 41.8367 2
576.658 -245.741 41.0989 1
617.18 -269.729 41.0974 2
612.012 -267.388 40.3675 1
572.207 -261.382 40.5143 1
603.175 -260.803 41.4338 3
625.956 -275.859 40.7328 2
620.968 -268.843 41.3297 2
632.124 -282.419 39.613 1
641.1 -293.665 39.8256 2
627.999 -277.716 39.9511 1
646.431 -305.732 38.7553 2
644.201 -293.698 39.9574 3
644.358 -301.578 38.4442 1
651.073 -319.288 38.1224 2
629.472 -279.194 39.5999 1
647.023 -308.329 38.1479 1
629.515 -299.749 39.2216 3
662.978 -280.872 37.4076 3
653.764 -318.516 38.8249 3
665.037 -332.336 36.839 2
645.535 -336.063 36.9006 1
650.179 -346.654 36.4151 1
662.073 -334.359 36.8736 3
670.632 -329.286 36.0461 1
643.574 -334.044 37.0948 1
680.738 -327.288 37.2192 3
685.975 -321.679 35.9856 2
687.514 -308.523 38.3081 2
648.189 -311.103 37.995 1
672.857 -313.953 37.9609 2
671.853 -363.366 35.9156 3
651.83 -346.786 36.3508 1
664.676 -370.412 35.823 3
662.452 -380.149 35.857 2
651.573 -386.044 36.6261 2
643.148 -390.709 37.435 2
633.711 -395.807 38.1563 2
683.15 -370.034 34.4509 3
645.98 -382.21 37.4344 2
638.886 -403.508 38.3722 3
651.526 -386.407 38.7775 2
865.892 -218.467 13.9622 3
844.78 -234.197 15.691 3
846.034 -219.846 15.4147 2
844.122 -219.976 15.2884 2
842.761 -220.395 15.4126 3
854.906 -220.954 14.6247 3
863.654 -200.081 12.238 1
840.439 -218.03 15.9045 2
859.681 -200.08 13.2357 3
837.385 -227.55 16.1016 3
859.828 -237.421 15.7056 3
877.488 -196.366 11.723 3
866.159 -195.154 12.4272 1
817.813 -211.659 17.928 3
813.795 -222.376 17.4317 1
800.161 -218.478 18.8775 2
842.545 -219.053 16.0932 2
822.906 -211.993 18.2589 2
809.547 -211.833 17.79 1
788.491 -205.336 19.5005 1
778.781 -208.317 21.0457 2
767.52 -205.845 21.1808 2
756.635 -202.703 21.8971 2
751.192 -190.385 22.4075 2
766.471 -195.016 20.9836 2
781.807 -197.383 21.0437 2
766.077 -195.945 20.9288 3
807.714 -211.308 17.8721 1
756.414 -208.226 21.827 2
740.389 -201.366 21.3936 1
761.913 -193.611 21.2135 2
785.674 -204.531 19.7539 1
706.232 -192.082 23.9003 2
708.181 -182.966 24.2647 3
710.765 -195.46 22.4346 1
707.575 -195.838 24.0808 2
692.457 -193.389 25.1113 2
684.305 -191.883 25.1375 2
700.504 -190.361 23.0635 1
695.229 -178.613 23.5332 1
678.079 -177.911 25.0626 3
700.648 -194.681 24.4023 2
678.617 -186.711 24.3294 2
689.045 -188.516 23.3777 1
693.014 -189.461 23.3628 2
655.947 -185.104 25.2798 2
675.078 -173.124 25.1466 2
637.947 -179.402 26.3847 2
688.793 -166.455 23.9763 2
652.472 -172.603 24.8979 2
649.192 -172.09 25.0295 2
630.257 -182.543 26.1634 2
609.847 -174.939 26.8446 2
621.686 -176.741 25.1863 1
599.118 -172.98 26.9632 2
622.575 -168.005 25.6286 3
581.099 -169.678 27.4195 2
629.527 -165.644 24.8784 2
604.088 -178.605 25.6388 1
617.515 -163.093 25.0681 2
572.129 -168.101 27.6988 2
597.969 -163.575 26.2337 3
620.772 -164.683 25.222 2
615.409 -164.384 25.3971 2
562.086 -166.347 27.7718 2
580.895 -158.044 26.8707 2
585.791 -174.793 26.2203 2
573.177 -155.969 26.8949 2
575.83 -156.65 26.6912 2
573.537 -152.529 26.9141 2
541.641 -162.867 28.1392 2
591.306 -158.136 26.3626 2
548.971 -154.822 27.597 3
529.52 -160.36 28.1492 2
567.786 -156.146 26.247 1
548.633 -163.557 26.2714 1
563.439 -154.162 26.7619 2
525.533 -150.417 27.7714 3
572.9 -159.366 26.8316 3
513.428 -157.49 28.3864 2
498.259 -154.616 28.5729 2
524.906 -159.077 26.6094 1
519.464 -158.088 26.7931 1
495.373 -158.846 29.0286 2
493.342 -160.388 28.4239 2
488.758 -152.941 28.345 2
495.793 -153.839 28.1716 3
495.826 -162.738 28.2624 2
477.124 -155.087 27.6355 1
470.833 -140.71 28.7145 3
459.564 -147.821 28.9909 2
444.791 -145.566 30.3522 2
445.35 -136.348 29.8778 3
422.288 -142.797 30.9449 2
412.213 -141.998 31.5478 2
393.347 -141.349 32.6034 2
406.896 -141.299 30.7325 1
383.722 -140.826 32.9923 2
385.435 -132.062 33.3683 3
371.82 -141.398 33.7567 2
358.809 -142.78 34.42 2
356.791 -133.829 34.8376 3
373.957 -129.289 32.3113 2
388.208 -145.573 31.765 1
388.526 -147.398 31.6843 1
345.533 -139.965 34.1247 1
334.838 -145.291 35.5458 3
337.768 -155.491 35.7386 2
349.433 -145.692 34.0112 1
330.439 -148.026 34.3573 1
343.903 -148.796 34.344 1
333.251 -140.19 35.9914 3
321.668 -165.487 35.5804 3
329.269 -172.264 35.1675 2
330.679 -143.528 34.4709 1
333.944 -159.668 34.5186 1
327.428 -137.799 34.3615 2
330.618 -164.876 34.608 1
316.156 -193.088 35.5398 3
342.334 -149.682 34.3574 1
317.919 -159.434 33.8517 1
314.315 -157.95 33.9502 1
356.759 -134.063 36.5328 3
317.57 -222.088 33.9394 2
323.586 -206.97 33.6169 2
313.428 -229.679 31.486 2
320.929 -214.787 32.8582 2
313.568 -185.539 33.5688 2
330.081 -167.014 34.4048 1
322.342 -209.51 32.4215 1
320.151 -217.067 31.8543 1
309.107 -236.079 30.9327 2
309.178 -213.945 31.8794 2
308.624 -217.586 31.5749 3
310.563 -211.083 32.3063 2
305.373 -226.542 30.3362 1
295.578 -251.352 29.4119 2
295.04 -236.257 29.8148 2
275.618 -252.314 28.6069 3
304.372 -228.221 30.1951 1
279.144 -239.606 28.87 2
293.859 -256.406 29.4687 3
263.432 -236.798 27.7185 3
292.377 -257.701 29.4405 2
253.1 -228.51 25.5345 1
271.265 -230.409 27.5002 2
258.356 -215.623 25.658 2
264.667 -222.626 26.7804 2
295.78 -262.27 29.7705 1
303.684 -242.511 30.8185 2
298.152 -258.641 29.9964 3
260.816 -212.435 27.63 3
302.387 -273.372 31.5428 2
306.737 -279.823 32.1385 2
297.769 -285.699 31.5828 3
250.659 -208.257 25.1471 2
298.608 -267.424 31.4394 2
241.657 -200.116 24.2694 2
252.84 -229.918 25.402 1
231.528 -181.699 23.0966 2
218.032 -182.431 21.6786 2
238.834 -190.034 23.1118 3
234.479 -176.221 22.5067 1
232.884 -179.878 22.1215 1
216.709 -178.242 21.3752 3
202.373 -172.461 20.5917 2
237.057 -172.464 23.257 2
240.925 -163.788 23.2888 2
243.426 -153.556 23.975 2
238.422 -170.197 22.5644 1
252.063 -162.491 24.2308 3
258.769 -146.901 24.3439 2
190.012 -177.411 20.5267 2
229.939 -172.152 22.922 2
245.866 -143.929 24.5286 2
241.871 -161.242 22.8526 1
231.723 -167.36 23.8142 2
221.284 -161.466 24.0052 2
222.536 -168.819 23.7464 2
248.037 -134.105 24.8246 2
232.457 -171.26 23.723 3
244.572 -151.09 23.0963 1
241.077 -142.783 24.2562 2
259.253 -129.73 24.7216 3
250.066 -124.22 24.7311 2
242.264 -161.054 22.7853 1
242.882 -158.594 22.8793 1
244.257 -119.877 25.2934 2
247.174 -141.66 23.1473 1
245.392 -146.074 23.0478 1
241.388 -130.52 24.2395 2
221.44 -161.398 22.0226 2
249.089 -129.328 23.2102 1
252.124 -117.278 23.253 1
247.928 -139.29 23.2521 1
256.266 -105.402 24.9696 2
248.011 -136.392 23.0642 1
255.16 -107.618 23.3843 1
260.362 -131.353 23.249 1
258.123 -135.919 23.2955 1
268.305 -106.062 23.6888 3
248.19 -99.5986 24.5207 2
247.986 -112.404 24.2767 3
243.985 -129.267 23.7279 3
271.361 -98.291 23.4406 2
264.348 -89.6683 23.2637 2
247.18 -91.0113 24.2907 2
252.291 -114.405 23.9662 2
261.349 -93.0112 23.4569 2
278.658 -90.8118 23.5876 2
246.453 -108.329 24.2289 2
265.801 -87.8067 23.35 2
286.162 -85.8185 23.5418 2
294.095 -81.636 23.2006 2
303.117 -78.9852 23.251 2
259.842 -95.2042 23.4127 2
247.164 -91.0928 21.6689 2
311.474 -77.1831 23.0402 2
278.431 -103.411 23.2791 2
309.001 -81.4577 22.1636 1
326.491 -75.8888 23.0066 2
301.049 -84.9728 22.6827 1
320.823 -66.912 22.6986 3
305.635 -66.9293 22.8542 2
330.731 -75.2884 21.6316 1
336.2 -75.2965 22.9652 2
344.784 -75.436 21.5672 2
295.284 -60.5367 22.6229 3
325.794 -62.0862 21.8603 1
323.051 -63.5493 21.6891 1
347.923 -75.473 21.2059 1
365.29 -76.5281 21.9145 2
351.607 -66.3547 22.0464 3
357.705 -76.2612 21.494 2
368.211 -76.0351 20.9919 1
381.801 -69.5378 20.697 1
376.414 -76.5057 20.9479 1
404.217 -75.4685 22.0939 2
390.893 -77.0347 21.2116 2
398.063 -61.141 22.0006 2
398.894 -75.9552 20.8816 1
402.585 -66.6843 21.4074 3
382.051 -76.8815 21.5671 2
408.061 -74.3305 20.4889 1
422.306 -62.5269 21.0912 2
396.9 -64.3182 21.935 2
402.63 -69.0779 20.5478 1
426.01 -72.4137 21.4364 2
378.584 -76.5502 21.0884 1
415.235 -67.1138 20.55 1
370.964 -76.0344 20.9925 1
431.26 -71.1573 20.1817 1
423.076 -65.7804 20.4371 1
435.041 -63.8835 20.3045 1
450.939 -68.6271 21.775 2
405.8 -68.6253 20.4026 1
420.806 -60.4559 21.1956 2
441.619 -63.2389 20.0558 1
420.521 -66.0362 20.3007 1
441.006 -69.2992 20.116 1
451.221 -59.5715 21.4981 3
447.906 -62.2193 19.9357 1
437.647 -37.0227 19.8748 2
463.214 -67.9564 21.3139 2
427.813 -39.3418 21.5215 2
473.14 -68.4787 20.8806 2
457.177 -67.7385 19.8492 1
438.859 -70.0259 20.5913 2
464.055 -61.0032 19.7546 1
470.182 -71.7488 19.8192 1
475.157 -62.0014 19.5835 1
477.73 -67.6319 19.5472 1
504.596 -62.5557 20.4165 3
472.168 -58.057 19.9733 2
484.309 -67.8066 19.6207 1
445.277 -62.401 19.9843 1
514.065 -69.951 19.6926 1
466.493 -61.0638 19.688 1
531.942 -33.0464 19.7563 3
513.898 -38.6302 19.679 2
538.512 -124.938 14.0905 1
575.6 -69.3039 19.9391 1
471.08 -125.333 14.0705 1
435.56 -70.1852 20.7316 1
407.273 -75.9215 23.3536 2
461.861 -11.8946 19.6621 1
441.658 8.67352 21.4285 2
524.825 -2.21641 19.5494 1
531.362 25.8773 21.3666 2
565.798 -49.7352 20.6383 1
593.074 -40.3933 22.8259 2
547.673 -107.887 23.7237 1
569.958 -125.994 27.4146 2
491.402 -123.906 20.2639 1
488.727 -152.599 22.2708 2
428.404 -91.8811 20.3979 1
447.415 -85.2591 20.2256 1
421.745 -98.2953 22.2831 2
486.99 -143.104 20.537 1
486.979 -151.641 22.1168 3
481.086 -174.611 22.2647 3
471.211 -153.799 21.5017 2
473.2 -175.5 20.761 1
512.084 -169.96 20.0787 2
473.438 -202.916 22.5573 3
476.135 -200.529 22.1567 2
478.264 -192.441 21.2857 2
470.976 -159.236 21.5402 2
467.57 -216.998 21.2735 1
460.949 -222.036 21.3426 1
479.446 -208.735 22.4348 2
472.196 -179.436 20.6293 1
456.852 -222.181 22.0755 2
476.689 -218.38 22.0232 2
475.897 -216.444 21.8768 2
474.924 -222.635 21.8272 2
465.025 -234.349 21.8811 3
458.779 -229.821 21.2146 1
461.453 -240.481 21.4336 1
466.961 -219.15 21.2585 1
457.579 -234.412 21.1913 1
454.487 -262.688 21.5213 1
457.187 -260.713 21.6913 3
456.794 -236.376 21.1165 1
460.903 -242.665 21.4766 1
457.266 -270.849 22.8256 2
426.337 -314 21.5619 3
447.834 -319.275 20.516 1
442.362 -313.983 21.272 3
447.099 -316.152 22.1658 3
415.046 -350.876 21.1185 1
421.628 -343.852 21.823 3
427.727 -335.303 22.1754 2
427.152 -352.457 21.5127 1
428.589 -347.442 21.7532 2
418.649 -352.867 21.6256 2
404.542 -375.811 21.0577 1
397.632 -383.965 21.1578 3
394.883 -391.961 21.6596 2
426.993 -363.658 20.8401 1
434.575 -355.333 18.849 3
390.167 -387.64 20.2655 2
421.527 -343.846 23.4903 3
384.322 -418.117 24.3902 2
365.488 -401.507 16.8452 2
361.919 -417.619 17.9013 3
378.173 -428.221 25.0654 2
356.008 -408.764 16.0796 2
353.622 -412.157 15.9722 3
375.152 -431.15 25.0313 3
368.564 -423.558 25.6945 3
379.545 -438.974 25.6311 2
393.236 -454.945 24.3407 1
373.95 -450.44 24.9517 3
383.283 -459.914 24.317 3
365.319 -442.616 25.6292 3
343.518 -429.635 27.2568 3
394.901 -457.958 22.981 2
400.887 -477.38 21.4843 3
397.555 -459.896 23.7835 1
392.896 -456.758 23.959 1
402.151 -458.426 23.0946 3
382.907 -445.016 24.5258 3
419.593 -473.978 21.03 2
425.378 -487.365 20.3034 3
411.627 -494.363 20.3581 3
430.914 -479.107 20.6176 3
423.993 -473.933 21.0616 3
412.097 -477.35 21.5203 3
388.754 -499.765 19.8393 3
397.019 -495.115 20.7214 3
355.033 -540.534 16.9629 3
352.516 -535.192 18.4915 3
353.055 -545.744 18.1969 1
366.59 -572.409 17.667 1
382.296 -585.706 15.6856 3
377.55 -592.183 17.0571 1
374.064 -560.635 18.3996 1
385.843 -604.032 16.6771 1
389.566 -586.171 16.7035 2
399.11 -609.197 15.2254 3
387.936 -564.776 16.2866 3
418.343 -634.571 15.2001 3
431.305 -669.155 13.4513 2
447.197 -687.09 13.2098 2
453.506 -697.34 13.5383 2
445.33 -661.994 14.3272 3
455.414 -697.856 12.5147 2
466.495 -695.862 14.5117 1
442.643 -683.029 14.9062 3
445.327 -700.72 15.1194 2
445.367 -700.368 13.4163 2
445.236 -698.72 14.4223 2
467.29 -688.202 13.9656 3
477.405 -705.037 13.594 3
468.126 -685.717 13.7913 3
485.629 -734.867 12.5914 2
490.779 -735.582 12.9295 3
478.24 -737.356 12.5853 2
514.515 -748.424 11.7238 3
512.546 -728.053 13.2407 1
534.494 -771.805 7.87394 3
533.751 -766.485 8.89373 2
510.372 -779.497 8.00502 2
491.634 -770.817 8.98262 2
503.247 -780.776 8.06938 2
512.264 -791.31 6.9686 2
505.64 -787.29 7.24116 2
536.596 -804.881 4.90269 3
511.517 -807.007 6.03909 3
550.749 -789.871 5.40972 3
525.79 -796.359 7.21299 1
536.681 -804.935 6.72873 3
527.388 -796.775 7.42465 1
561.705 -794.123 5.45745 2
569.67 -793.18 5.73907 1
574.766 -793.001 4.54693 2
590.487 -800.94 3.17351 3
579.297 -799.426 5.5765 1
575.005 -804.276 5.94603 1
594.022 -791.606 3.72236 2
579.107 -793.053 5.36548 1
584.04 -792.933 5.28234 1
606.508 -786.561 3.16304 2
603.838 -790.903 3.97142 2
599.389 -784.932 4.393 1
616.119 -790.24 4.0621 1
620.998 -789.63 2.92241 2
646.619 -796.667 1.05518 3
625.029 -789.635 3.65901 1
644.098 -787.676 1.9817 2
638.577 -788.331 2.53249 2
660.791 -786.495 1.11809 2
655.279 -787.498 2.63179 1
650.782 -799.464 2.67784 1
673.292 -792.309 2.07847 1
665.464 -786.48 2.2617 1
688.97 -790.939 0.460195 2
672.963 -785.367 1.63174 1
701.126 -788.791 -0.113286 2
680.318 -793.17 0.660553 3
711.183 -786.185 -0.285573 2
657.51 -787.101 2.47245 1
685.39 -797.803 1.62789 1
679.2 -794.067 1.81129 1
726.119 -782.632 -0.30233 2
729.553 -784.253 -1.10371 3
693.315 -794.409 0.262776 2
675.469 -791.892 2.02485 1
711.412 -795.482 0.262961 3
704.041 -790.723 0.0902761 3
737.297 -779.753 -0.398884 2
716.583 -773.54 0.229996 2
741.285 -778.207 0.628897 1
706.53 -771.131 0.215887 3
752.582 -775.805 -0.31971 2
759.27 -761.549 -0.343603 2
765.696 -772.193 0.00573968 2
768.5 -771.284 0.546201 1
740.166 -725.449 5.15624 3
744.906 -723.338 5.31146 3
734.522 -725.793 5.68922 3
747.68 -723.352 5.44086 3
742.069 -724.864 5.44703 3
737.485 -725.254 5.47282 3
750.427 -721.679 5.86723 3
753.146 -721.699 5.42932 3
810.971 -766.132 -0.347651 3
794.1 -765.099 0.591185 2
799.399 -763.869 0.687972 1
779.715 -768.342 0.469903 2
785.025 -757.032 0.642484 1
809.007 -763.376 0.434314 2
827.183 -765.835 0.282841 2
832.954 -761.902 -0.390786 2
818.2 -762.939 0.759737 2
822.354 -755.464 0.726092 1
822.278 -762.382 0.826367 1
831.784 -765.511 0.497298 2
834.926 -765.111 0.485341 2
828.933 -751.033 0.418595 1
814.702 -777.025 0.0668356 1
837.767 -761.299 0.878395 1
834.12 -767.291 0.401241 3
849.033 -760.77 0.530398 2
853.95 -761.173 0.309409 3
851.168 -748.349 0.411452 2
836.895 -761.167 1.06714 1
860.578 -744.12 0.700579 2
861.863 -737.08 1.9302 1
869.78 -761.104 0.738491 3
863.031 -731.248 1.25868 2
864.564 -723.218 2.12218 2
866.905 -711.452 2.72832 2
861.585 -724.602 1.04696 3
866.544 -700.7 2.47795 3
869.946 -694.597 3.35208 2
874.809 -705.451 3.82385 1
876.977 -710.339 3.25971 3
862.67 -734.598 2.07296 1
881.623 -687.132 4.71857 1
876.217 -666.335 4.58 2
871.297 -675.839 3.9492 3
882.021 -688.299 4.6523 2
879.045 -652.65 4.93498 2
883.284 -684.723 4.86944 1
892.809 -648.25 5.75585 2
895.389 -634.616 5.764 2
876.618 -649.175 5.28456 3
874.291 -633.872 5.63952 2
884.374 -634.425 5.93434 3
860.311 -630.371 4.97617 2
900.661 -627.174 5.97668 2
901.33 -634.939 6.05287 2
846.409 -627.195 5.57765 2
870.764 -642.181 5.18195 3
834.323 -624.521 4.93259 2
903.913 -622.056 6.70455 1
822.067 -621.535 4.85208 2
850.64 -639.523 5.88482 1
809.561 -628.101 5.26817 3
793.817 -606.447 5.87725 2
785.29 -613.892 6.00046 3
781.431 -621.492 4.98781 3
799.172 -626.933 5.19041 3
791.429 -604.672 5.2514 3
769.917 -610.316 5.04094 3
787.881 -630.337 5.77234 3
764.803 -608.196 5.45006 2
796.969 -597.274 5.09927 2
779.924 -664.77 6.04636 2
789.756 -665.678 6.47525 2
794.254 -644.838 5.76551 2
803.603 -585.296 4.49816 2
797.784 -596.662 5.27723 3
754.078 -615.15 5.58604 3
803.171 -605.256 5.18391 3
743.332 -603.318 5.50936 2
732.449 -600.762 5.30761 2
721.942 -598.204 5.39946 2
712.565 -596.175 5.40105 2
726.541 -608.772 5.55939 3
703.057 -593.876 5.72867 2
693.771 -591.693 5.68609 2
684.004 -589.578 5.31652 2
673.06 -586.858 5.22561 2
662.407 -584.755 5.75313 2
653.031 -582.266 5.78551 2
657.35 -577.018 6.18215 2
668.091 -572.604 5.47826 2
640.936 -579.365 6.17831 2
678.462 -567.565 4.93491 2
688.163 -560.038 3.75019 2
627.008 -565.677 7.02468 3
669.864 -595.595 6.14309 3
646.242 -599.517 6.44612 3
635.983 -570.829 7.0557 3
618.199 -575.091 7.78806 3
429.529 -506.193 20.0164 3
421.135 -473.967 21.8773 2
426.062 -487.06 20.8358 3
401.228 -477.335 22.0857 3
412.61 -477.046 22.3817 3
395.717 -458.164 23.0066 2
412.267 -494.107 21.1344 3
424.761 -471.235 21.3456 2
424.021 -473.603 21.5734 3
431.29 -478.637 21.0725 3
394.382 -455.247 23.9302 1
420.013 -474.145 21.7857 2
398.507 -459.43 24.294 1
380.527 -438.737 24.7504 2
382.964 -445.021 25.0911 3
378.217 -428.689 25.1923 2
383.863 -459.916 24.6673 3
383.885 -418.33 24.551 2
374.726 -450.77 24.6363 3
365.263 -442.913 25.5292 3
374.958 -431.497 25.8185 3
342.889 -429.842 26.8796 3
321.112 -416.118 27.5626 3
347.583 -432.811 26.461 3
344.907 -431.224 26.6705 3
322.584 -419.389 28.2741 1
333.515 -424.692 27.3754 3
308.663 -409.393 29.1278 3
