19.0776 -8.71123 -1.04302 1
23.5694 -12.0848 -0.321908 1
21.1594 -11.1096 -0.263245 1
15.8804 -2.06097 -0.723352 1
0.865647 -11.227 -0.197629 2
28.5746 -5.90314 -0.0240906 2
22.832 -6.83067 -0.0404246 2
34.9671 -5.94798 0.472208 2
27.3978 -9.88268 0.238071 2
19.5836 -19.2504 -0.01571 3
-28.0769 -10.8347 -0.559156 3
-44.7925 -21.3983 -0.616663 3
-1.1911 -5.82406 -0.0999718 3
24.9371 2.69055 0.611781 3
26.92 -11.9009 -0.168125 2
-20.758 -41.0653 0.145009 3
2.01359 4.39389 -1.11993 3
20.9753 9.94713 -0.172629 3
31.1558 1.10048 0.727257 2
50.5564 8.53619 2.05933 2
33.1391 -11.4804 0.718291 2
41.9299 4.38253 1.6384 2
51.6321 10.4202 2.52801 2
37.3177 2.95721 1.35241 2
34.5338 -6.9813 1.25385 2
33.395 1.27004 1.48221 2
48.2626 15.066 2.9155 3
60.0837 17.3589 3.66495 2
29.3504 -12.988 0.830986 2
51.2729 1.25805 1.63592 2
46.44 5.13287 2.06332 2
48.4498 6.6567 3.06918 2
28.769 -5.88213 -1.28193 2
45.5793 -0.582837 1.40144 2
54.7851 3.43788 1.82031 2
56.7105 6.37402 2.25892 2
64.0905 12.6381 4.59568 2
62.6549 14.7846 4.14371 2
70.1376 32.2916 5.3996 3
66.2758 16.8535 4.25777 2
61.2522 6.06163 3.56041 2
55.2337 3.35843 1.01414 2
58.4914 2.91838 3.22473 2
66.9085 23.9768 3.99842 2
54.5017 1.61348 3.41728 2
63.7915 7.64628 4.25739 2
65.3158 14.8735 4.47803 2
67.692 12.022 4.67704 2
42.2945 5.62335 2.64978 2
65.2814 21.6669 3.72766 2
75.0353 21.3705 3.58084 2
80.9773 32.7059 4.73444 2
50.9388 1.304 3.723 2
90.5727 25.8481 4.31572 2
81.9343 22.4425 3.66204 2
60.9965 8.17151 -0.372033 2
88.675 53.0659 6.10764 3
57.4541 6.34652 3.72081 2
77.1754 29.9873 4.50846 2
53.331 4.11714 3.73635 2
82.3784 30.5834 4.4801 2
104.535 59.9564 7.79955 2
81.9441 22.5341 1.32066 2
72.6219 21.5609 2.37752 2
81.586 23.5982 2.33362 2
82.6632 34.8409 5.35261 2
84.1885 32.5854 5.01803 2
89.3934 37.1783 5.01938 2
103.661 56.2251 7.41903 2
87.7821 34.2258 4.95148 2
97.0154 50.958 6.58061 2
94.2746 30.07 4.90103 2
95.9081 48.9891 6.27908 2
87.8727 40.3511 5.42803 2
99.5075 49.5914 6.64282 2
103.859 77.8241 8.12217 3
99.7181 51.3703 6.26206 2
94.6765 43.6254 5.74274 2
109.227 57.259 6.90652 2
116.194 102.376 10.2207 3
122.849 92.0405 9.15115 2
118.977 90.2445 8.86914 2
120.453 87.7947 8.88217 2
120.737 99.3696 9.76795 2
134.534 121.024 11.5981 3
146.485 140.606 11.9341 2
146.984 128.16 11.92 3
145.326 137.872 12.4866 3
149.62 115.465 11.6145 3
128.35 101.39 10.3368 2
137.891 149.333 11.8923 2
156.391 93.1051 11.1308 2
161.678 153.881 11.3506 2
174.08 142.97 12.6255 3
132.24 131.718 10.9516 3
161.693 144.497 11.3177 2
124.018 141.536 12.0229 2
152.65 91.2999 11.2229 3
116.29 102.478 11.64 3
122.821 137.816 12.0805 3
159.692 160.05 10.6811 3
164.75 86.2087 12.0058 2
185.262 112.816 11.3243 2
200.99 137.276 11.9886 3
225.802 141.813 11.716 2
225.6 160.651 9.06132 2
209.932 92.6799 14.3993 2
197.025 102.91 11.8968 2
240.728 148.854 11.0251 2
222.982 119.997 13.2467 3
220.621 84.442 15.7358 2
228.861 93.7497 15.9845 3
255.221 137.082 13.2317 2
231.214 113.28 13.9795 3
237.011 96.4208 16.0695 3
269.387 125.975 15.3499 2
243.408 66.8672 19.4635 2
241.204 70.3776 19.1717 3
229.853 91.9488 15.374 3
232.413 49.7248 22.2016 3
244.448 36.8787 23.1616 3
244.695 52.4235 20.988 2
252.941 55.6098 20.8738 2
242.145 33.7759 23.2813 2
243.181 51.4717 21.0675 3
257.407 58.9664 20.2611 1
251.528 54.9264 20.5624 3
240.561 46.3476 21.6585 2
231.182 41.7013 22.1272 1
244.957 21.3403 24.1585 1
229.128 34.7143 22.864 2
229.95 22.9386 23.6645 2
249.865 -10.7359 27.6982 1
220.414 12.9863 25.0832 2
239.622 7.07776 25.7761 1
218.374 16.0802 26.3592 2
255.12 -3.48869 27.8401 2
226.139 23.2069 23.9619 3
250.845 -12.5178 28.1233 1
241.556 -9.77917 29.1088 2
246.505 16.5916 25.3549 2
258.043 -21.0918 28.7919 1
254.966 2.89463 27.1094 3
265.924 -21.6613 29.8107 2
265.529 -15.0513 28.2898 3
230.091 -8.43929 27.0675 2
214.467 -14.0524 26.6248 2
210.995 -14.783 25.8233 2
265.412 2.17667 26.5043 2
270.985 -39.9772 30.7547 3
269.714 -11.1086 28.2494 2
253.439 -16.3691 29.1841 3
268.466 -11.8682 27.9809 3
279.606 -3.64542 27.7772 1
276.325 -6.03485 27.8692 2
279.56 -5.10458 27.9595 3
277.075 -35.0504 28.9934 1
270.794 -42.2966 29.5492 1
237.972 17.9353 27.282 3
294.396 -61.811 30.1655 3
258.429 -21.8215 28.9063 1
278.783 -36.866 29.0367 1
294.051 -49.8792 29.8754 2
306.869 -58.5239 29.8598 2
288.419 -45.9698 28.766 1
273.656 -45.6671 29.3024 2
281.878 -39.6662 29.4717 2
315.075 -63.2452 29.2155 2
298.923 -62.4672 28.4301 1
288.524 -37.6316 28.657 1
253.609 -17.1707 30.6236 3
299.023 -50.1388 28.5178 1
298.439 -43.5381 28.436 2
324.671 -67.2494 28.5846 2
315.932 -74.081 28.7948 3
292.928 -39.2246 28.4685 2
305.614 -49.759 27.9869 2
333.792 -71.0451 28.3637 2
351.339 -75.012 28.0061 2
301.871 -64.3398 28.2164 1
338.314 -79.2028 27.3645 1
345.374 -74.3434 26.9862 1
339.918 -67.4559 27.5663 1
351.565 -84.0635 28.1593 3
377.465 -76.8314 27.1283 2
353.128 -75.0723 27.4385 3
373.226 -83.9996 26.6164 1
365.566 -84.5685 26.8944 3
347.555 -74.5887 26.9169 1
340.273 -79.7321 27.3146 1
389.645 -83.0427 26.4777 1
377.458 -68.5277 26.6268 1
389.077 -89 27.2634 3
363.649 -76.156 26.77 3
388.727 -75.9929 26.3819 1
392.965 -75.2189 27.485 2
381.561 -85.9869 27.4999 3
397.432 -81.2412 26.5465 1
421.12 -75.2673 27.3143 1
408.628 -71.4849 27.7903 2
403.772 -73.0554 26.6202 1
419.862 -65.2676 27.2948 1
414.626 -77.4693 26.8233 1
423.529 -67.0276 27.668 2
414.436 -79.599 27.0432 3
425.836 -66.4096 27.2131 1
405.074 -82.7964 26.4489 1
408.922 -86.4411 26.3647 1
413.953 -90.0899 26.3862 1
418.766 -63.5078 27.3832 1
375.803 -84.0686 26.5991 1
416.327 -64.4155 26.9215 1
435.845 -71.033 26.7653 1
450.3 -59.0251 27.8413 2
435.258 -63.4604 28.5337 2
402.245 -61.9447 26.8629 2
418.056 -96.1832 25.8542 3
408.073 -84.4636 26.3664 1
463.044 -55.0769 27.5066 2
464.684 -49.9662 28.2756 2
442.131 -68.9767 26.6076 1
434.345 -59.6166 27.9066 3
471.267 -47.6914 27.2533 2
468.031 -63.8458 26.6165 1
475.907 -43.4995 27.0106 2
448.154 -69.3739 27.5028 3
469.157 -54.2168 25.889 1
476.537 -41.1712 27.2937 2
473.795 -43.1425 27.3558 2
481.727 -35.2478 27.682 2
470.68 -43.1819 27.4766 2
480.598 -46.4469 25.5447 1
471.647 -62.4891 25.9921 1
495.429 -44.2558 25.85 2
494.241 -35.6418 25.9259 2
478.459 -50.3553 27.1348 2
503.392 -46.7924 25.3274 2
491.105 -56.7382 24.6319 1
478.121 -45.9133 26.7184 3
508.984 -44.7969 24.3169 2
483.825 -24.8847 26.9203 2
486.612 -17.8532 27.1783 2
512.207 -47.8496 24.3494 2
504.294 -50.4376 24.8544 2
514.462 -48.6399 24.1026 2
477.587 -31.3114 27.4809 2
478.092 -23.2517 27.0758 2
506.631 -60.9407 23.2094 1
491.53 -22.8904 25.823 1
512.89 -65.6489 22.7495 1
523.127 -68.3956 22.0642 1
493.98 -62.0846 24.9324 3
534.024 -81.6356 20.8349 1
520.079 -74.0359 21.791 1
492.925 -56.6136 24.2862 1
540.413 -79.7936 22.1656 3
537.02 -97.2568 20.3618 1
508.247 -43.6732 24.629 2
540.563 -94.2423 20.143 1
533.68 -82.9728 20.7932 1
537.811 -79.4584 20.7124 1
522.794 -105.998 20.6291 2
540.722 -76.9224 20.7323 1
548.747 -70.7384 20.4952 1
521.484 -76.0549 21.5079 1
551.911 -62.683 20.7846 1
567.385 -57.9415 21.9582 3
520.087 -126.321 17.8525 1
511.824 -127.439 19.9128 2
529.078 -114.318 19.4118 3
505.828 -138.969 18.5787 2
516.788 -131.343 17.4394 1
500.206 -150.625 17.9245 2
535.507 -100.115 19.9274 1
510.913 -130.383 17.723 1
503.939 -143.5 16.5724 1
514.338 -136.575 17.1206 1
514.84 -142.174 17.7658 3
506.817 -137.951 17.535 3
499.453 -172.199 15.3638 3
499.218 -166.294 14.9067 1
487.511 -156.601 16.0261 1
481.662 -186.229 14.6672 2
509.648 -132.315 17.2947 1
495.905 -183.243 13.8232 1
496.167 -171.672 14.3743 1
487.57 -153.64 15.9794 1
489.075 -186.368 13.3548 1
473.366 -202.716 13.6279 2
502.87 -145.44 16.3478 1
476.561 -196.78 12.7217 1
468.355 -212.486 12.4717 2
483.84 -202.673 12.9384 3
460.442 -228.32 11.4683 2
468.78 -232.551 10.49 3
467.889 -204.089 12.8959 2
467.071 -231.756 9.97266 1
487.878 -188.704 13.1417 1
457.568 -241.989 10.4657 2
475.338 -199.051 12.2955 1
458.169 -252.017 9.41955 2
464.956 -240.113 9.26817 1
468.774 -273.771 7.75684 2
445.761 -248.939 10.0202 3
466.033 -269.305 7.16271 1
474.519 -266.075 7.68747 3
458.772 -267.487 8.42105 1
480.349 -285.823 6.28321 2
440.373 -249.647 11.1935 2
476.558 -265.277 6.48055 1
472.965 -277.316 6.05568 1
468.075 -272.541 7.55231 3
487.431 -293.985 5.38922 2
456.908 -269.256 8.60293 1
464.889 -242.664 9.05922 1
477.32 -281.835 5.4043 1
478.549 -268.172 6.08518 1
483.891 -279.446 4.99473 1
484.543 -290.121 4.48617 1
494.044 -287.438 4.09428 3
500.13 -317.164 3.42312 1
494.849 -286.391 3.94844 2
505.988 -305.917 2.93911 1
487.956 -308.025 3.87521 2
477.35 -311.028 4.23881 2
484.814 -312.062 3.82121 2
519.421 -292.372 3.07219 1
508.309 -311.476 3.11831 3
514.078 -288.588 3.55681 1
507.41 -308.352 3.32611 1
506.706 -293.039 3.53195 3
514.788 -282.052 4.58268 3
479.012 -337.799 4.16862 3
502.98 -323.329 3.26169 1
499.795 -319.266 3.4396 1
454.193 -330.53 3.52425 2
448.801 -328.005 2.7472 1
437.592 -325.709 3.80722 2
473.901 -325.098 2.6682 1
470.796 -323.717 2.72315 1
477.922 -356.337 5.30568 3
427.441 -322.871 3.08814 2
439.383 -328.874 3.94978 3
423.744 -321.037 2.30906 1
406.249 -310.471 3.45049 2
429.746 -312.842 2.73326 1
392.701 -313.822 3.0702 2
407.728 -319.507 2.29938 1
386.022 -309.788 3.37826 3
399.787 -322.888 2.83871 3
430.601 -310.839 2.71208 1
446.979 -327.988 2.7114 1
380.441 -328.35 3.7615 2
378.141 -332.05 3.31152 2
385.205 -326.852 3.59747 2
373.411 -317.776 3.07919 2
379.094 -336.542 3.84092 2
411.453 -309.028 2.66212 3
381.979 -314.727 2.26121 1
396.974 -304.757 2.44887 2
351.344 -321.764 3.66449 3
367.648 -320.656 3.33301 3
372.05 -300.987 2.68361 1
360.232 -317.039 3.11008 3
379.359 -296.775 3.22545 1
361.609 -332.724 3.52572 3
341.879 -311.865 4.59831 3
336.699 -306.54 5.35442 3
348.349 -304.385 2.80567 3
392.086 -322.969 2.37158 3
378.152 -345.053 4.13804 3
381.175 -303.62 2.56949 3
381.561 -343.837 4.3316 3
386.139 -346.683 4.91995 2
397.817 -348.099 5.1582 2
392.583 -347.361 5.08416 2
377.093 -329.022 3.97876 3
346.862 -332.379 4.33149 1
389.124 -342.567 5.10008 3
380.156 -345.884 5.41609 2
336.522 -306.633 3.20118 3
323.717 -283.521 2.34144 1
368.083 -355.979 6.10236 3
315.701 -290.441 3.92899 3
364.435 -277.751 1.69919 1
318.537 -281.138 2.2609 1
335.208 -281.65 2.86022 3
314.066 -279.261 2.50277 1
339.345 -281.547 2.13185 1
307.379 -285.225 2.35872 1
292.109 -281.654 3.58949 3
316.082 -305.17 3.7477 1
281.031 -273.517 3.45702 2
291.787 -279.177 2.76668 1
336.326 -290.23 3.39409 3
274.109 -269.362 3.77901 2
265.042 -263.13 3.77398 2
304.804 -284.197 2.57511 1
310.355 -277.588 2.37414 1
258.673 -258.702 2.79982 2
270.244 -266.25 2.44822 1
268.763 -268.844 3.49431 3
254.794 -255.784 2.43031 1
239.075 -245.856 2.58397 2
225.408 -236.32 1.98532 1
244.036 -252.311 2.62834 3
215.282 -229.716 2.47016 2
239.552 -252.594 3.01398 2
245.823 -257.783 3.06025 2
236.319 -255.085 2.98508 2
212.519 -251.533 4.16403 2
212.27 -227.182 1.48817 1
197.73 -217.868 2.18366 2
225.456 -256.181 3.99609 2
220.182 -263.059 4.89553 2
191.615 -216.637 2.27587 3
214.554 -232.418 2.99159 3
194.504 -202.749 0.777064 1
186.021 -209.899 1.85346 2
221.108 -233.781 1.9284 2
173.926 -212.339 2.16843 1
176.445 -204.382 0.681238 1
173.57 -202.765 1.10933 1
166.307 -202.309 1.74054 3
181.365 -229.682 3.48229 1
161.139 -196.953 2.02204 2
189.989 -200.476 0.823106 1
180.397 -225.734 3.06089 1
152.768 -192.885 1.46737 2
144.81 -189.24 2.08917 2
169.653 -200.646 0.601704 1
187.889 -191.318 1.17986 1
173.346 -210.509 1.90822 1
175.005 -187.922 0.852646 1
132.744 -186.672 1.64009 3
125.872 -179.993 1.12506 2
173.746 -214.318 2.72697 1
119.277 -176.709 1.23827 2
114.424 -173.909 1.32175 2
112.667 -162.767 0.517549 3
105.747 -168.178 0.585445 1
110.364 -171.355 0.00769904 1
103.695 -166.747 0.793034 1
93.7448 -159.161 0.871468 2
91.3286 -156.019 0.0226734 1
101.659 -168.746 1.34683 3
99.0445 -163.297 0.594163 2
86.0618 -150.755 -0.627693 1
94.9401 -162.53 0.00285683 1
100.29 -189.777 2.78008 2
77.1682 -147.578 0.682236 2
75.6046 -142.007 -0.0291191 3
101.902 -165.297 0.435389 1
66.0601 -139.352 0.476818 2
72.5182 -142.171 -0.658805 1
87.6496 -171.429 1.01131 1
81.4432 -176.153 1.30766 1
68.709 -146.064 0.686732 2
89.782 -154.249 -0.208976 1
62.994 -127.275 -1.4347 1
54.1701 -124.465 -0.21545 2
71.3421 -124.779 -1.46125 1
57.9618 -121.864 -1.38957 1
73.3845 -122.838 -1.595 1
53.1545 -117.013 -1.83535 1
67.5271 -147.823 -0.309747 2
49.8935 -116.68 -0.663275 3
36.4021 -112.093 -1.41928 1
47.9607 -114.605 -1.81526 3
25.7337 -92.9473 -1.73764 3
25.6568 -89.9599 -2.55038 1
61.9037 -125.752 -1.51049 1
21.84 -85.9163 -2.71285 1
3.03917 -71.4292 -1.69288 3
8.74254 -89.117 -1.17379 1
0.369794 -51.8181 -2.93338 3
-12.0991 -40.0584 -2.91619 3
-22.3776 -29.8536 -2.47889 3
-41.9498 -49.8738 -1.95667 2
-2.87985 -49.7245 -3.18437 3
-44.9947 -21.8254 -2.42034 3
-21.2377 -40.992 -3.52637 3
-27.2461 -26.4536 -2.6759 3
-68.1808 -18.2648 -1.63396 3
-65.0981 -3.39135 -2.06189 3
-28.1853 -10.7411 -1.88319 3
-44.9795 -5.67291 -2.51216 3
-1.27243 -5.85633 0.734996 3
-21.3077 -40.7995 -1.48709 3
-11.9191 -39.8589 -0.0866499 3
-11.9611 -39.7909 1.41425 3
0.652627 -11.2364 -0.188736 2
-12.0234 -39.9053 -1.86902 3
19.5423 -19.463 1.99887 3
20.8433 -11.2194 -0.274763 1
22.301 -7.7648 -0.425162 2
23.5811 -12.1604 -0.420002 1
15.8289 -3.04601 -0.735502 1
25.1456 2.50045 1.5273 3
-12.1848 -39.9625 -2.48593 3
2.04149 4.31596 -1.07907 3
18.3255 -8.80532 -1.0234 1
19.542 -19.5054 -0.370846 3
28.7217 -6.18675 0.0376666 2
35.6265 -5.54314 -0.162443 2
27.3517 -11.0219 -0.189081 2
21.1567 9.86492 -0.0675114 3
