-24.5192 23.497 -1.7655 1
5.64422 6.95003 -1.15931 1
-18.5053 10.7689 -1.37907 1
25.8504 8.71041 -0.971913 1
9.38802 -2.87776 -0.953993 1
-21.4972 15.3673 -1.59342 1
-23.5577 17.2947 -1.40386 1
-48.5638 -1.45381 -0.625337 2
-25.1612 13.6746 -0.272858 2
31.8491 9.66391 0.784104 2
15.5776 -3.01875 -0.0496704 2
-24.9708 9.5778 -0.27566 2
18.0058 9.55077 -0.131682 2
-7.98307 16.8514 0.220526 2
-39.6539 -13.7926 0.25304 2
37.047 -1.56225 0.383994 2
42.832 10.875 0.809557 2
11.4837 8.96811 -0.134322 2
-27.302 14.8962 -0.315239 2
-30.9085 16.8354 0.0633954 2
23.7121 -2.47312 0.175172 2
-44.1536 -7.58813 -0.553113 2
-25.9357 -6.34904 -0.0983358 3
4.62329 -3.66736 -0.883805 3
-25.9538 -23.5603 0.792736 3
-12.0719 5.47897 -0.43103 3
29.5209 7.35049 -0.764334 1
32.8543 11.5474 0.598724 3
4.05689 5.54842 -0.987857 3
13.0405 -4.10101 0.14347 3
52.2846 -0.605582 1.46173 2
-23.9184 20.5704 -1.65582 1
40.6497 -0.71473 -0.378641 1
-15.7469 1.80675 0.596744 3
38.6714 8.5557 -0.689916 1
36.332 11.7282 0.0981203 3
24.6475 -25.4654 -1.2239 2
34.0815 8.80719 -0.794775 1
55.6526 11.7536 0.0734499 2
59.2385 10.6986 -0.641724 1
24.9542 8.49636 -1.05802 1
73.9224 0.957913 1.08839 2
73.7192 12.8906 0.733156 2
59.1041 0.234829 -0.616477 1
63.5674 12.2723 0.404786 2
69.1543 0.960116 -0.319609 1
41.3682 9.20886 -0.859803 1
68.836 10.9397 -0.492867 1
58.0019 -1.09729 0.0857037 3
76.0345 10.5755 -0.555834 1
60.7981 10.0782 -0.66506 1
93.1893 11.5255 0.503051 3
77.9412 1.86811 -0.401112 1
71.3153 11.2675 -0.680888 1
51.9304 40.4628 -0.0800144 2
101.837 14.5813 1.07911 2
94.6357 13.4663 -0.541895 1
95.0261 1.55923 0.753602 3
79.8405 14.8331 0.847445 3
96.791 2.66038 -0.37343 1
112.652 3.69583 1.31775 2
79.9066 11.0181 -0.739268 1
84.0976 -1.67053 0.290335 3
113.01 15.6969 1.16826 2
91.1334 17.4018 0.335092 3
82.6379 16.9261 0.385025 3
98.3508 12.7043 -0.499406 1
97.3978 12.2734 -0.583755 1
91.2473 -6.36374 -0.1219 1
95.5001 -12.853 1.26751 2
86.0596 -4.84031 -0.0178244 1
107.572 3.50438 -0.187687 1
80.5402 27.6345 -0.303695 2
90.4261 35.7733 0.441478 3
84.1479 25.9294 -1.10385 1
128.026 4.83195 1.34997 2
95.0353 -37.7058 1.47563 3
76.9704 1.95697 -0.552992 1
88.0112 38.4952 -1.2834 1
91.5559 -15.3113 0.0183303 1
114.978 14.0175 -0.15782 1
106.264 13.32 -0.489214 1
130.776 16.8775 0.212374 2
87.6178 -33.3953 0.29577 1
93.919 -11.165 0.525525 3
104.498 -16.1049 -0.661033 2
92.2101 -41.0899 0.5927 1
93.2434 -66.1055 2.54899 2
95.3928 -67.4655 2.1328 2
87.4477 -39.4122 0.51179 1
85.772 -54.7226 0.936731 1
91.8315 -17.5859 -0.0564895 1
87.3352 -66.478 1.27411 1
90.0918 -64.2808 1.67299 3
81.5383 -54.6941 1.89676 2
83.1321 -76.7183 1.42385 1
79.6286 -72.2695 1.23502 1
94.823 -62.3214 1.76017 3
96.382 -54.5353 1.00581 1
107.026 -65.2062 2.61921 3
102.532 -61.7619 1.22245 1
119.663 -65.4614 1.35179 1
111.719 -58.5507 1.08137 1
88.0749 -35.6987 0.422067 1
78.0546 -66.3412 1.26445 1
133.651 -71.3473 3.42836 3
81.362 -84.9583 2.86148 3
85.9614 -55.1239 1.03825 1
83.0743 -56.7146 1.98263 3
116.697 -60.1067 1.16915 1
114.781 -59.3136 1.19378 1
135.675 -69.3442 1.61214 1
148.575 -71.4409 2.01895 1
159.073 -75.18 3.65561 3
140.722 -43.5145 1.6806 2
118.649 -59.889 0.965252 1
144.167 -65.3996 1.4951 1
150.608 -66.9716 1.7888 1
164.073 -73.2198 1.9571 1
169.546 -72.9152 1.98698 1
172.69 -67.4363 1.94364 1
150.338 -71.2457 1.9467 1
166.387 -77.7262 2.41653 2
146.287 -65.8508 1.72908 1
162.867 -49.56 0.962344 2
175.335 -76.0383 2.72925 1
181.233 -66.9008 2.28846 1
196.148 -66.25 2.64289 1
138.413 -69.8985 1.65522 1
186.475 -74.3774 3.73481 3
200.042 -71.0722 2.32899 1
176.739 -50.691 3.11133 2
176.867 -51.3945 1.01423 2
205.567 -70.4197 2.36924 1
231.778 -71.9871 4.01959 2
198.144 -65.9364 2.69153 1
210.69 -64.3926 2.84753 3
184.09 -66.3105 2.10235 1
223.424 -64.2425 2.51186 1
239.809 -71.498 3.25495 2
248.595 -70.7142 3.30005 2
238.65 -69.2099 3.78256 3
227.058 -72.391 3.21549 3
215.781 -73.3461 2.71088 1
248.59 -68.5595 3.95956 3
200.471 -65.1834 2.25172 1
222.737 -82.9413 3.02994 3
233.835 -63.5937 2.58433 1
222.522 -80.7507 3.71585 2
222.397 -78.6782 3.68586 3
257.222 -70.3529 3.59903 2
223.081 -88.8801 3.27324 2
224.268 -105.006 3.35072 2
223.571 -97.4598 3.57146 2
217.402 -91.8053 2.94181 1
224.845 -112.9 4.32745 2
224.084 -101.872 4.38753 3
264.666 -69.9879 3.73912 2
266.13 -67.2507 4.53407 3
218.186 -97.9906 3.09274 1
257.016 -62.4464 2.71328 1
232.66 -79.0814 2.69209 2
249.384 -59.1098 3.29374 3
242.307 -79.37 3.10636 2
246.08 -83.1743 2.94466 2
248.716 -48.9826 4.16605 3
247.086 -52.1844 2.60759 1
242.198 -55.8241 2.45152 1
207.149 -70.4003 2.39852 1
263.904 -62.2867 2.85656 1
242.334 -95.9417 2.93928 2
238.568 -56.5649 2.69995 2
280.978 -68.6051 3.82338 2
246.948 -46.4001 2.42662 1
288.405 -68.089 4.12651 2
246.557 -21.7879 4.52332 3
283.647 -72.7676 3.70992 2
240.498 -31.2712 1.86592 1
260.329 -76.5151 4.85077 2
292.078 -65.4521 4.69106 3
245.259 -23.4902 1.66553 1
256.49 -36.7219 1.99583 3
239.916 -18.891 1.60806 1
246.74 -21.7339 2.52681 3
244.642 -17.0278 1.68379 1
243.551 -4.40984 1.46226 1
239.461 -13.1733 1.42641 1
245.31 -0.17612 2.37747 3
242.872 5.93084 1.08426 1
245.8 26.0185 2.03494 3
240.545 -29.324 1.76819 1
236.309 30.9867 0.519661 1
244.776 -21.7153 1.63192 1
250.066 23.7259 1.14015 1
255.846 26.0694 2.25749 2
231.807 21.7615 0.780085 1
246.75 22.4616 0.779407 1
247.448 12.9884 1.21666 1
243.318 9.95329 1.6879 3
259.377 24.2991 0.935788 1
264.308 26.2218 2.68238 2
225.466 22.2477 0.811754 1
262.485 24.0881 0.952938 1
243.08 28.0017 1.23658 3
227.595 22.2577 0.753215 1
223.648 20.4434 0.483171 1
278.154 27.2922 3.08084 2
212.347 22.628 1.00216 2
210.09 21.1541 0.743266 1
252.371 23.8321 0.948999 1
231.518 12.3456 0.712604 1
252.382 13.4224 1.20047 1
234.67 27.4031 1.11292 3
217.423 21.3413 0.452633 1
257.289 13.8328 2.28337 2
206.799 21.1918 0.805095 1
232.071 10.9339 1.24051 3
275.917 25.743 1.02429 1
260.714 14.162 1.12529 1
195.272 21.7326 1.45028 2
214.006 10.6713 1.58287 2
240.117 45.7356 0.126775 1
252.482 13.4348 1.04822 1
278.984 16.0977 4.02422 2
241.971 46.3288 1.78743 3
268.427 13.5411 2.12621 3
193.449 9.16547 1.78695 2
221.474 23.199 1.75409 2
202.579 8.66493 1.39106 3
252.772 23.6254 0.988512 1
236.167 39.4329 0.13759 1
203.186 21.876 2.2524 2
235.994 9.44668 1.39619 3
246.383 23.2726 0.721681 1
265.91 15.2048 1.2135 1
205.009 10.5682 0.743494 1
294.98 16.3513 3.45032 2
294.41 28.0381 3.27383 2
275.014 15.3738 1.25525 1
283.777 16.1018 1.31692 1
283.657 25.739 1.29789 1
280.805 25.2841 1.24274 1
287.289 24.7637 1.15296 1
311.801 17.8627 3.47727 2
310.823 29.1493 3.11331 2
291.218 16.5759 1.41735 1
290.129 29.3571 2.78039 3
314.122 16.7195 3.52766 3
292.523 26.1865 1.38874 1
262.939 55.9193 2.55346 2
298.429 17.044 1.51374 1
297.15 26.5327 1.35885 1
259.941 56.2602 2.47131 2
301.971 27.377 1.34462 1
290.001 26.3478 1.36063 1
327.753 19.0058 3.53045 2
305.576 27.0929 1.32071 1
327.51 30.458 3.45343 2
306.918 17.4649 1.64157 1
308.103 27.3513 1.43981 1
315.026 18.3915 1.73094 1
340.522 31.0667 3.36904 2
324.868 18.8171 1.84588 1
319.54 18.4942 1.83224 1
350.743 20.3463 3.77176 2
331.782 19.4265 1.87597 1
331.652 28.5969 1.87162 1
356.299 19.6004 3.87259 3
309.295 27.099 1.47801 1
337.781 32.546 2.99292 3
337.923 19.8485 1.9206 1
338.375 29.2137 1.91225 1
341.767 20.1123 2.14607 1
345.028 29.3656 1.76237 1
335.413 29.3068 1.77385 1
330.863 28.1556 1.71337 1
353.011 31.0173 1.85341 1
360.776 31.182 2.04081 1
357.804 21.0087 2.2016 1
317.747 18.3429 1.78842 1
363.79 31.1105 2.16528 1
363.498 21.607 2.34975 1
357.874 32.1965 3.1601 2
383.17 22.7601 2.62177 1
355.883 31.7365 2.0728 1
381.872 35.4318 3.78139 3
400.154 23.6234 4.15044 2
378.287 19.3966 3.17982 3
408.196 36.1426 3.5525 2
374.477 47.5664 1.8029 1
394.127 32.3922 2.9755 3
397.241 33.9935 2.33914 1
376.299 61.1638 2.51182 2
408.55 24.0864 3.46995 3
379.134 8.35002 3.01927 3
376.027 64.5283 2.32474 2
375.881 68.2939 1.95046 2
377.354 5.49222 2.76407 1
405.897 22.9209 4.04545 3
369.284 47.2678 1.72155 1
371.952 4.77826 2.68476 1
377.978 -3.03439 3.06506 1
406.323 34.0764 2.34249 1
368.871 16.9092 3.06875 3
417.493 24.9386 3.89858 2
361.249 21.547 2.18385 1
389.902 23.9023 2.5105 1
380.588 -13.2579 4.87568 3
397.284 35.7441 2.35842 1
373.353 65.777 1.1965 1
420.465 37.132 3.89024 2
361.208 32.5904 2.04379 1
367.76 66.3648 1.19153 1
374.575 75.4974 2.44591 3
387.288 23.2483 2.54704 1
372.188 78.7216 1.02027 1
367.302 73.9886 0.972632 1
375.02 68.594 1.83718 3
372.94 99.2616 1.67165 3
345.745 88.8893 -0.51903 3
373.525 115.824 1.17948 3
371.078 125.962 1.02203 3
373.384 108.685 1.13717 3
376.886 117.609 1.46475 3
369.594 119.577 0.0957749 1
371.947 80.9323 0.862744 1
360.083 114.624 0.409382 3
378.332 114.807 0.308325 1
386.104 89.3883 0.693638 2
388.499 115.782 0.488287 1
362.482 89.945 1.71917 3
384.807 110.307 1.04772 1
357.003 113.844 -0.0983901 1
350.891 115.925 0.946082 2
393.985 116.345 0.479992 1
368.741 126.75 -0.126253 1
357.478 108.499 0.109508 1
349.294 113.151 -0.0447706 1
402.368 119.501 2.14729 3
343.358 107.42 -0.131601 1
371.845 82.7448 0.95937 1
399.036 111.37 0.612474 1
333.049 116.537 -0.105594 1
387.715 110.64 0.764738 1
328.448 106.237 0.0265569 1
369.278 151.697 0.386162 3
362.052 152.049 -0.634362 1
366.424 165.977 -0.936554 1
361.646 158.025 -0.658293 1
360.892 168.036 -1.05514 1
367.377 179.457 0.340955 3
365.092 184.394 -1.34681 1
355.388 199.808 -0.63217 3
356.873 186.598 -1.02615 3
353.109 196.202 -1.10185 2
364.051 192.806 -1.56086 1
398.318 177.215 -2.02739 1
366.274 168.045 -0.944882 1
365.775 203.389 -0.639791 3
363.694 199.945 -1.76137 1
360.662 169.85 -1.0975 1
358.125 216.976 -2.18519 1
351.967 189.272 -1.66254 1
340.412 195.425 -0.727266 2
333.28 194.849 -0.802158 2
365.834 228.75 -1.17423 3
346.544 195.911 -1.26738 2
325.831 193.934 -1.01731 2
327.541 192.083 -2.02961 1
318.295 194.023 -0.671699 2
363.666 215.212 -2.12765 1
312.201 193.654 -1.24477 2
332.224 187.236 -1.37355 1
363.278 194.86 -1.7684 1
329.865 187.318 -1.41344 1
294.616 192.414 -1.40017 2
296.761 182.885 -0.805478 3
299.667 192.504 -1.52324 2
314.426 191.109 -2.12159 1
282.417 191.086 -1.54857 2
363.568 196.672 -1.64072 1
277.16 190.887 -1.60136 2
297.629 185.103 -2.30982 1
297.818 189.861 -2.41262 1
289.051 192.02 -1.75498 2
266.009 190.102 -1.76876 2
291.495 189.34 -2.41857 1
291.849 185.128 -2.38225 1
301.741 208.606 -2.92077 1
260.076 189.72 -1.43416 2
279.909 188.601 -2.50248 1
279.901 183.811 -2.43394 1
250.044 177.093 -1.18243 2
275.184 183.632 -2.45893 1
245.862 188.847 -1.84996 2
327.324 187.034 -2.03367 1
265.283 182.79 -2.5335 1
242.295 173.457 -1.27623 2
259.846 187.332 -2.8221 1
239.241 188.38 -1.90393 2
252.56 192.92 -2.60969 1
230.781 187.731 -1.65657 2
259.595 182.622 -2.6423 1
250.174 186.431 -2.72094 1
234.224 173.177 -1.88062 2
230.995 164.363 -1.39089 2
224.505 186.877 -1.75466 2
247.309 179.462 -1.70328 3
277.845 188.411 -2.5356 1
249.872 170.129 -1.72956 2
242.658 164.988 -1.6757 2
277.383 183.682 -2.46268 1
251.632 180.417 -2.16289 3
239.576 185.678 -2.78506 1
218.268 171.764 -1.90613 2
219.339 178.78 -1.8185 3
249.734 163.596 -1.57752 2
243.845 148.374 -1.16648 2
249.31 154.063 -1.40178 2
244.857 185.96 -2.9334 1
252.921 146.476 -1.37588 3
224.157 175.114 -1.63257 2
219.436 186.193 -2.04373 3
218.623 163.931 -1.34443 2
228.056 184.815 -2.74008 1
219.371 154.629 -1.49666 2
244.361 139.732 -0.875917 2
243.385 156.872 -1.32176 2
219.929 146.188 -1.27033 2
217.555 186.8 -2.24776 2
207.736 167.762 -2.95865 1
229.451 157.741 -1.50097 3
213.21 190.706 -2.35533 3
208.045 194.534 -2.70927 1
231.568 148.447 -1.27138 3
220.58 137.287 -1.30918 2
214.71 185.653 -2.94279 1
206.229 183.838 -3.07777 1
230.454 217.23 -4.19537 1
201.949 176.001 -3.02166 1
203.795 181.164 -2.43505 3
246.683 186.109 -2.8808 1
228.182 148.478 -1.42081 3
205.786 185.964 -3.12164 1
205.515 188.207 -2.98533 1
199.814 199.887 -3.50342 1
205.596 156.825 -1.78614 3
207.431 131.487 -0.834415 3
195.221 172.437 -2.67052 1
221.004 128.602 -1.50766 2
244.635 131.401 -1.13606 2
205.694 197.096 -2.93617 1
222.275 112.14 -1.16336 2
210.775 125.282 -1.97251 1
207.87 193.716 -3.09254 1
245.472 122.672 -0.808456 2
221.69 120.246 -0.885246 2
252.175 123.659 -1.14802 2
216.044 123.355 -1.32822 3
231.141 112.67 -0.658715 2
245.966 113.703 -0.693093 2
221.015 100.345 -1.44731 1
254.413 124.501 -0.944432 2
209.19 107.894 -0.35908 3
218.609 100.607 -1.53398 1
207.027 119.084 -1.19819 3
205.147 117.937 -1.66349 1
223.988 100.205 -1.24762 1
211.396 106.58 -1.63671 1
204.673 121.121 -1.28332 2
200.45 117.354 -1.82675 1
199.683 119.281 -0.613923 3
201.161 111.991 -1.398 3
230.883 95.1522 -0.420283 3
242.422 100.285 -1.25339 1
225.053 107.156 -0.831474 3
250.765 108.764 -0.546524 2
179.391 118.894 -1.61826 2
238.603 96.1652 -0.251163 3
248.984 100.524 -0.961698 1
197.08 108.737 -1.59106 2
167.08 114.49 -2.29583 1
236.854 92.6548 -1.0397 1
202.376 117.018 -1.86733 1
175.741 117.364 -0.415579 3
264.988 107.22 -0.626994 1
259.454 101.019 -0.0490408 3
258.17 68.9906 1.96557 2
237.189 88.3618 -0.789824 1
240.022 75.6443 1.34967 3
255.688 109.187 -0.544497 3
231.623 93.8634 -1.01523 1
238.156 71.8353 -0.183611 1
231.797 85.4305 -0.775154 1
233.582 72.6746 -0.606029 1
230.742 78.4033 -0.466631 1
233.896 62.9767 -0.335339 1
238.374 65.7064 -0.353633 1
239.079 59.06 -0.173905 1
230.401 64.3426 0.471039 2
241.993 46.4629 1.43209 3
239.724 47.4714 0.103846 1
235.333 46.6126 0.0157328 1
227.215 70.1834 0.0968241 2
236.4 32.6943 0.55908 1
235.756 40.5363 0.172626 1
243.03 28.2863 1.07762 3
262.846 55.3476 1.35448 2
234.634 27.4515 1.6737 3
255.267 40.6059 0.251538 3
242.845 7.7982 1.16623 1
259.156 57.2104 1.3708 2
257.83 45.2846 -0.574466 3
247.487 13.4255 0.934298 1
243.286 10.0378 1.24627 3
245.697 26.3706 1.70169 3
230.861 12.3366 0.844701 1
232.007 11.1204 1.37876 3
231.813 22.9601 0.772307 1
246.607 23.1894 0.867759 1
257.267 13.6218 1.97024 2
235.975 9.54821 1.49182 3
252.599 13.6852 1.02196 1
213.87 10.6517 1.58932 2
228.876 23.3418 0.713895 1
278.988 15.1756 3.29998 2
193.81 9.46131 2.5892 2
225.37 22.6317 0.699406 1
256.317 25.6827 1.86283 2
251.625 24.8016 1.35926 1
249.025 25.1175 0.937997 1
204.708 10.4425 0.824856 1
221.517 23.2566 1.87259 2
265.941 14.652 1.23526 1
223.469 22.9205 0.686575 1
259.264 25.6715 0.939692 1
203.376 21.7691 2.3794 2
212.395 22.8724 1.16365 2
264.916 26.3966 1.86987 2
206.777 21.9782 0.598641 1
278.422 27.3907 2.46408 2
245.219 0.0536357 2.37596 3
195.12 21.7144 2.41116 2
207.675 23.7641 1.35415 3
250.16 13.4919 0.979562 1
260.989 14.456 1.11271 1
243.203 -2.64908 1.33239 1
283.633 15.8405 1.13044 1
268.439 13.5343 2.85674 3
238.99 -12.0046 1.37043 1
229.102 21.1382 0.485526 1
244.554 -15.7909 1.50726 1
184.058 8.94363 2.55358 2
182.143 20.7738 2.19889 2
198.253 10.2543 0.628722 1
191.048 19.3665 0.439424 1
201.237 19.5147 0.486057 1
189.564 9.49384 0.430008 1
167.866 19.298 1.75814 2
187.595 7.89934 1.56722 3
198.182 19.5324 0.48625 1
179.146 8.67282 0.259404 1
188.537 18.7998 0.22595 1
159.238 7.04925 2.1693 2
186.428 18.6347 0.283337 1
153.226 18.521 1.57527 2
183.896 18.0048 0.352874 1
179.531 17.5832 0.282789 1
174.323 8.63421 0.399826 1
202.654 8.79139 1.00964 3
163.901 7.74855 0.160254 1
169.831 17.2261 0.201021 1
144.509 17.5948 1.62493 2
176.857 18.3254 0.32542 1
163.969 17.0159 0.177242 1
161.404 20.3196 1.08853 3
174.388 18.6721 0.177775 1
174.522 17.4007 0.0679104 1
146.267 6.0256 1.31366 2
164.764 17.1721 0.161519 1
147.564 15.5013 0.0296741 1
139.01 4.46956 1.20371 3
155.383 16.4157 0.0755724 1
128.427 4.99132 1.34141 2
159.798 16.9427 0.0484451 1
175.964 8.53887 0.372082 1
130.748 16.8763 1.12949 2
139.162 15.7726 -0.0264377 1
113.637 15.851 1.44108 2
112.924 3.73651 1.52015 2
135.977 14.802 -0.0975481 1
142.885 16.5394 -0.0339124 1
102.202 14.8174 1.26499 2
121.994 16.358 0.682412 2
115.94 14.6354 -0.0379908 1
124.642 4.97398 -0.0735291 1
132.795 15.2972 -0.0774755 1
120.343 14.6 -0.342709 1
93.3049 11.4316 0.558901 3
109.327 3.68008 -0.0554805 1
117.595 17.2676 0.490908 3
99.3674 3.16939 -0.313185 1
106.531 13.7286 -0.423112 1
100.176 12.9906 -0.348628 1
114.813 -11.8253 0.658902 3
74.1777 12.9372 0.615933 2
74.7859 0.936129 1.13788 2
79.0126 1.6766 -0.555557 1
95.2141 1.51991 0.857813 3
104.08 13.9486 -0.405576 1
80.1112 11.8659 -0.753026 1
95.0997 12.686 -0.422117 1
80.0181 14.8299 0.298264 3
97.79 12.2718 -0.421369 1
86.4596 -5.57453 -0.0799444 1
76.7642 10.7058 -0.556825 1
71.136 1.13182 -0.442324 1
53.4133 -0.397556 0.424122 2
91.3747 -5.8488 -0.275095 1
84.1133 25.9912 -0.993824 1
84.1789 -1.47812 -0.0343122 3
60.6567 0.427023 -0.80394 1
83.8149 31.9192 -1.37389 1
91.7995 -15.4078 0.03215 1
63.6776 12.2407 0.334784 2
43.5578 11.1847 0.257219 2
69.4258 10.2794 -0.656606 1
91.1789 17.3331 -0.122342 3
82.7357 16.9413 0.0933481 3
88.0111 38.2246 -1.53617 1
55.6328 11.6695 0.295023 2
93.9585 -11.1183 0.180786 3
90.2088 35.813 0.314093 3
94.987 -37.8522 1.60369 3
104.45 -16.093 -0.802672 2
92.2966 -40.6215 0.570823 1
93.2674 -66.0522 3.05754 2
95.4745 -67.6042 2.35409 2
87.4019 -38.997 0.507011 1
85.6893 -54.8764 0.866877 1
86.9832 -67.3344 1.20774 1
90.0627 -64.3712 1.4497 3
82.9867 -77.0132 1.3384 1
94.8262 -62.4075 1.62923 3
81.5873 -54.3821 1.65821 2
119.737 -65.4978 1.48492 1
81.3644 -84.8835 3.07368 3
87.6178 -35.7048 0.328466 1
112.335 -58.5448 1.23662 1
107.044 -65.2208 2.18464 3
83.0966 -56.6821 1.8925 3
77.7538 -66.4835 1.27251 1
91.9895 -43.0981 0.646155 1
69.9631 -104.489 2.66666 2
77.594 -63.8697 1.01114 1
68.5699 -92.2977 1.60894 1
67.8907 -101.616 1.71099 1
67.5787 -105.51 2.33981 3
53.0915 -123.871 3.26679 2
46.9306 -116.893 3.32408 3
53.005 -121.103 3.35605 3
74.0502 -101.728 2.45283 3
43.2414 -122.368 3.26494 3
78.7173 -74.6503 1.008 1
64.423 -111.191 2.98682 3
46.6793 -120.79 1.94874 1
44.603 -110.912 1.92643 1
82.1485 -78.7071 1.39822 1
50.606 -104.489 2.64035 3
52.5968 -128.324 2.93729 2
65.5493 -115.3 3.14575 3
65.8692 -126.051 2.36266 1
36.4826 -145.314 2.99071 2
70.7436 -129.238 2.43927 1
72.5924 -119.916 3.49756 3
81.1827 -135.789 2.58674 1
47.0587 -104.208 1.74972 1
36.4119 -104.552 1.45077 1
38.7061 -125.382 2.98496 2
76.3029 -124.985 2.62478 1
42.6773 -127.002 2.12877 1
32.2971 -90.3261 1.95732 3
44.8309 -98.4927 2.17756 2
44.2057 -137.859 2.32387 1
31.8539 -141.846 2.0372 1
27.9993 -143.725 2.99566 3
25.3926 -161.295 3.6434 2
24.7534 -165.466 3.31921 2
24.2659 -152.624 2.13261 1
12.8279 -174.051 3.06012 1
14.9947 -162.25 3.28385 3
10.6232 -182.302 4.0657 2
15.9526 -178.729 2.82298 1
15.0798 -187.785 3.37606 1
5.57519 -141.855 1.22266 2
0.642405 -138.609 0.417226 2
-0.56946 -133.834 0.452305 2
6.00256 -139.814 1.01275 2
23.2141 -154.197 2.17299 1
13.1987 -183.954 4.25511 3
-3.81778 -175.463 2.1878 3
-3.765 -175.447 3.62284 3
30.4143 -143.839 2.03358 1
-4.03366 -173.531 1.25376 1
23.7911 -182.022 2.90994 1
28.7753 -182.646 2.93815 1
26.5901 -182.24 3.0064 1
34.1778 -183.012 3.13598 1
13.3914 -212.828 3.47293 1
14.7027 -197.982 3.08962 1
30.0015 -185.177 3.1456 1
24.7691 -180.885 3.19246 3
15.3297 -190.214 3.31787 1
10.7242 -203.773 4.44824 2
24.2749 -201.837 3.40408 1
25.3658 -200.056 3.51789 2
11.4596 -211.805 3.67894 3
27.8432 -199.568 3.73914 2
30.9444 -200.055 3.75864 2
13.0841 -219.198 3.61493 1
12.2054 -230.51 4.0031 1
9.92853 -237.314 5.53867 3
10.3073 -261.15 4.48765 1
9.57619 -285.171 6.58837 3
22.637 -262.405 4.8353 2
7.72533 -271.404 6.04978 3
25.9879 -264.468 4.62003 2
15.4581 -286.133 5.8807 2
12.0479 -233.472 3.60425 1
4.92654 -281.521 4.75468 1
-0.246399 -258.019 5.55525 2
17.0423 -282.684 5.06566 1
-10.4906 -284.742 4.98956 1
32.8447 -282.636 5.05228 1
37.871 -282.848 5.18217 1
-18.3548 -279.423 4.66859 1
20.6681 -276.084 5.32803 3
2.45818 -274.937 4.82714 3
2.22405 -288.751 6.08941 2
-4.54738 -274.574 4.92257 3
44.0209 -277.631 5.71872 3
19.8806 -282.46 4.85918 1
23.9846 -292.801 5.46645 1
44.1067 -283.066 5.19745 1
23.6981 -298.439 5.64237 1
57.6425 -284.14 5.35559 1
67.5094 -279.119 6.05014 3
47.634 -275.293 5.91163 2
52.553 -274.563 5.65266 2
64.2451 -284.451 5.41343 1
69.7504 -284.64 5.39929 1
81.8085 -285.586 5.5826 1
61.0722 -275.795 5.78954 2
86.4925 -278.53 6.68881 2
91.5674 -280.715 6.13765 3
95.198 -286.195 5.78252 1
88.0882 -286.151 5.72368 1
100.296 -286.695 5.99171 1
60.1717 -284.187 5.35456 1
128.473 -292.214 6.89885 2
115.653 -282.274 6.23529 3
123.326 -291.872 6.3823 2
131.904 -294.831 6.58985 2
140.458 -283.908 7.24902 3
116.719 -279.157 6.31813 3
155.401 -295.649 6.34869 1
104.97 -280.412 6.25116 2
160.134 -286.62 7.65568 2
159.952 -300.7 7.3055 2
134.685 -293.757 6.51482 3
137.28 -303.328 6.63522 1
127.769 -295.111 6.92283 2
102.369 -287.082 5.9423 1
133.631 -283.5 6.46854 3
142.118 -307.307 6.73058 3
135.891 -297.596 6.88499 3
158.27 -293.481 7.30652 3
143.104 -335.829 8.33298 2
159.524 -278.432 6.17131 1
150.609 -282.191 7.06946 3
151.221 -266.026 8.06654 2
166.407 -269.165 7.98369 3
159.823 -276.243 6.14618 1
166.837 -263.293 5.8413 1
177.57 -247.929 7.39707 3
150.587 -263.282 5.80265 1
177.873 -236.738 5.59511 1
188.388 -226.766 6.7957 3
195.007 -223.007 5.57801 1
186.726 -219.174 5.14264 1
199.875 -204.624 6.47552 3
196.479 -230.108 6.02192 3
191.05 -209.091 5.99876 1
189.47 -214.237 5.17407 1
211.769 -195.152 6.14996 3
210.2 -191.365 6.56944 3
188.091 -216.403 5.14007 1
204.925 -186.84 4.8666 1
216.225 -179.855 5.59208 3
192.49 -207.439 5.16043 1
207.828 -203.05 5.32689 1
192.809 -187.973 4.67618 1
189.041 -183.375 6.07224 3
191.414 -194.586 4.76864 1
220.717 -202.236 5.32572 1
178.902 -234.731 5.45746 1
233.454 -208.701 6.22261 1
216.205 -199.708 5.36785 1
213.528 -205.836 5.61519 1
173.3 -177.36 4.55377 1
187.05 -184.919 4.45452 1
226.885 -205.361 5.45788 1
182.277 -189.495 4.83961 1
164.472 -170.519 6.93568 3
217.38 -208.107 5.47497 1
227.553 -213.182 5.59772 1
234.802 -206.254 6.77097 3
225.672 -214.686 6.0047 3
210.134 -177.196 4.74331 1
210.946 -164.692 4.97828 1
228.041 -156.428 6.21344 3
220.87 -170.758 5.13445 3
216.989 -164.555 4.28588 1
170.324 -183.235 4.26657 1
231.246 -141.189 5.3625 2
233.147 -144.311 4.3023 1
223.382 -184.038 5.15321 3
239.047 -140.892 5.45646 2
219.723 -159.182 4.53503 1
219.284 -152.749 5.43815 3
230.568 -133.748 5.35651 2
208.488 -166.584 4.43954 1
205.008 -164.822 4.66304 1
233.091 -150.752 5.32993 3
203.832 -166.982 4.61716 1
230.306 -124.472 5.40878 2
218.682 -161.181 4.44229 1
232.393 -158.763 5.1136 2
234.755 -124.642 5.04329 2
221.79 -153.88 4.26135 1
224.936 -114.121 4.93806 2
243.489 -141.497 4.99615 3
235.503 -149.963 4.66674 1
247.563 -140.094 5.13802 2
235.785 -139.6 5.10318 3
221.561 -147.908 4.22363 1
246.708 -144.01 5.10999 1
221.364 -142.57 4.05141 1
242.063 -124.227 4.9618 2
243.158 -139.174 5.00816 3
225.991 -129.388 5.61844 3
221.289 -137.279 3.86898 1
220.251 -122.429 3.83892 1
224.297 -105.422 4.67615 2
243.57 -148.942 4.38218 1
220.299 -131.691 3.71717 1
249.398 -148.348 4.37153 1
224.784 -113.666 4.07925 2
223.471 -97.706 3.77388 2
223 -89.2898 4.13722 2
249.01 -142.964 4.7548 1
219.568 -116.078 3.52764 1
218.046 -99.2505 3.23045 1
220.41 -135.378 3.89728 1
246.289 -148.706 4.37848 1
224.084 -102.081 4.20993 3
222.716 -83.1636 3.95951 3
222.475 -80.9438 3.31674 2
236.137 -111.457 3.93642 2
246.475 -114.557 4.32209 2
217.66 -92.8405 3.06044 1
216.136 -74.8422 2.66868 1
224.826 -64.3786 2.453 1
232.551 -79.3481 2.58932 2
222.41 -78.8133 3.47503 3
229.729 -85.4339 2.86442 3
227.168 -72.4414 3.10259 3
245.923 -83.4668 2.83405 2
256.556 -83.1794 2.52054 2
239.649 -90.4435 2.782 3
234.068 -63.5405 2.45679 1
241.95 -95.7647 2.95134 2
210.849 -64.2903 3.03963 3
231.998 -71.9734 3.03889 2
238.796 -69.1994 2.97883 3
239.946 -71.4679 3.0455 2
248.512 -70.6109 3.16199 2
264.637 -69.954 3.2577 2
200.488 -65.7107 2.22905 1
248.634 -68.592 3.27447 3
206.503 -70.6121 2.49341 1
266.101 -67.3208 3.49935 3
201.575 -71.5019 2.42213 1
183.251 -66.8292 2.36025 1
197.748 -66.1921 2.75542 1
256.588 -62.5722 2.68352 1
257.15 -70.3158 3.56794 2
242.11 -79.4534 3.1447 2
249.43 -59.0889 3.23248 3
246.982 -51.9402 2.56239 1
242.228 -55.8646 2.39683 1
248.686 -48.9522 3.95369 3
280.958 -68.6363 3.77365 2
238.63 -56.5982 2.73892 2
246.65 -21.5669 3.91717 3
292.044 -65.4621 4.95733 3
283.589 -72.8494 3.78749 2
269.071 -62.0359 2.90805 1
282.721 -60.7395 3.00473 1
276.581 -60.9026 2.90007 1
260.418 -76.278 3.67513 2
278.344 -80.9433 2.42807 2
313.66 -66.1523 4.03998 2
291.926 -60.0577 3.11734 1
315.884 -63.8519 4.71111 3
296.495 -59.4324 3.15098 1
318.073 -64.9547 3.55391 1
305.052 -58.6986 3.20065 1
310.643 -58.6915 3.2676 1
300.014 -54.9442 3.38778 1
294.259 -59.7584 3.09075 1
321.951 -69.023 3.66511 1
317.019 -65.7114 3.95299 3
325.241 -62.1946 3.41507 1
316.524 -58.0676 3.24068 1
331.051 -61.7755 3.62405 1
344.952 -61.7455 5.01803 3
341.428 -60.9354 3.56198 1
368.681 -60.0755 5.60537 3
355.626 -60.0453 3.60387 1
351.081 -63.8713 4.35242 1
328.236 -61.9375 3.5451 1
314.566 -58.0677 3.38357 1
348.085 -64.1552 3.89919 1
369.171 -53.8356 3.6362 1
360.378 -59.9189 3.80826 1
365.501 -59.6886 3.68862 1
384.024 -60.6545 5.03673 3
341.237 -22.2689 4.06732 2
385.675 -57.9361 3.94594 1
372.871 -52.9124 4.49041 3
382.349 -66.3977 4.15269 1
357.308 -60.1619 3.55162 1
383.961 -50.4461 4.16341 3
407.284 -58.4904 5.74764 3
376.964 -68.876 4.05876 1
376.084 -48.7427 3.39126 1
382.446 -36.3746 4.64554 3
380.544 -36.7397 4.37096 1
383.643 -80.0869 4.5141 1
399.772 -56.7845 3.99141 1
385.853 -47.2637 3.95857 2
379.718 -23.669 3.02706 1
380.654 -13.38 4.78153 3
400.923 -51.8413 3.79508 1
375.101 -36.6734 3.28094 1
379.376 -90.5398 5.11255 1
385.089 -38.3572 3.95896 2
385.962 -84.8318 6.06032 3
379.355 -93.1215 5.39295 1
408.684 -51.4543 3.97461 1
434.756 -56.5802 6.26062 3
422.838 -55.4934 4.2237 1
415.513 -50.871 4.02764 1
431.314 -50.0441 4.27201 1
434.898 -54.4431 4.31516 1
388.263 -57.6107 3.97022 1
441.834 -53.8367 4.3541 1
437.745 -49.3363 4.25087 1
457.669 -56.3695 5.958 3
464.566 -54.4814 5.88362 3
403.458 -51.7181 3.89139 1
461.345 -52.5459 4.54191 1
434.072 -62.3909 5.52657 2
456.959 -61.8654 4.79771 1
451.238 -56.8479 4.49257 1
457.666 -68.2332 4.75249 1
466.791 -51.8626 4.61586 1
477.449 -46.06 4.52276 1
460.429 -69.931 6.07107 3
491.993 -44.8888 5.74015 1
435.656 -49.4494 4.1754 1
458.273 -74.5251 4.71415 1
458.88 -81.1554 4.83144 1
477.415 -51.1522 4.62574 1
459.377 -87.2846 5.68712 1
433.183 -50.1092 4.19527 1
462.088 -94.2275 8.03926 3
453.092 -74.7152 4.73951 1
453.669 -84.6388 5.00731 1
495.302 -41.5231 6.95434 2
454.828 -101.284 5.32553 1
454.052 -98.386 6.39455 3
444.389 -89.1942 5.22701 2
460.063 -102.061 5.32398 1
455.543 -107.519 5.50596 1
464.66 -105.763 6.55665 2
456.333 -121.101 5.83172 1
462.211 -94.0941 5.50195 3
463.044 -128.353 5.93894 1
455.535 -112.513 5.70534 1
459.602 -89.7695 5.53178 1
457.613 -127.265 6.04034 1
464.137 -119.798 5.74756 3
458.768 -132.58 6.04258 1
455.126 -103.351 5.35945 1
449.149 -118.188 6.54583 2
445.208 -119.712 6.70779 2
465.179 -122.279 6.79337 2
453.769 -87.211 4.95931 1
466.407 -109.723 5.74782 2
466.206 -139.943 6.71755 1
455.484 -105.711 5.4106 1
475.859 -168.49 6.99442 1
454.171 -136.469 6.95292 2
455.508 -110.621 5.62116 1
455.751 -114.924 5.76912 1
470.1 -149.789 6.42017 1
459.812 -91.7752 6.07656 1
476.634 -160.298 6.73469 1
463.576 -130.809 6.01348 1
466.78 -141.868 6.42789 1
458.982 -134.615 6.01115 1
480.104 -183.568 8.65842 3
485.354 -169.563 7.12759 1
482.435 -167.613 7.73725 3
476.79 -177.773 7.0783 1
499.245 -167.684 7.76492 3
489.393 -167.092 7.11735 1
478.22 -162.191 6.74435 1
461.012 -199.557 8.39744 3
471.092 -182.168 7.11924 1
497.503 -160.736 6.99394 1
487.663 -189.359 7.50543 2
489.637 -191.112 7.45822 2
461.445 -212.947 7.31869 2
450.411 -199.665 7.23563 1
474.496 -199.089 7.90721 2
447.98 -214.571 7.92903 2
439.43 -208.748 7.35691 1
457.688 -214.755 7.57998 2
450.023 -217.403 7.87162 2
441.486 -215.911 7.95133 3
426.93 -230.6 8.04988 1
435.047 -212.719 7.25672 1
425.844 -220.482 7.40363 1
436.497 -226.864 8.28663 2
469.385 -183.868 7.06958 1
438.357 -229.171 8.38993 2
459.512 -214.358 8.01089 2
428.699 -229.679 7.78413 1
414.269 -230.234 7.64434 1
421.622 -233.071 8.11313 1
423.914 -231.396 8.09907 1
412.469 -242.011 8.4384 1
414.874 -241.502 8.36643 1
416.404 -238.524 7.85297 1
420.145 -235.801 8.57791 1
387.707 -248.016 8.99981 3
406.1 -247.782 8.20719 1
384.176 -246.238 8.35185 2
385.541 -238.787 8.724 2
394.485 -237.083 7.6376 1
425.575 -235.595 8.32853 3
383.71 -232.917 8.60856 2
401.134 -253.828 7.9811 1
422.723 -238.207 8.38337 1
386.162 -231.137 8.76336 3
401.298 -231.824 7.58866 1
388.619 -251.784 7.9809 1
416.148 -242.351 8.11681 1
392.587 -272.681 9.28921 2
400.032 -230.144 7.50026 1
410.029 -250.023 8.41502 2
413.105 -244.18 8.1405 1
411.123 -252.074 8.54063 2
374.446 -260.431 9.57759 3
389.236 -225.654 7.35583 1
411.326 -248.021 8.37317 2
398.558 -228.251 7.33061 1
387.915 -215.08 6.93267 1
413.894 -247.602 8.51959 2
389.656 -268.606 8.60324 2
387.633 -272.897 9.03154 2
406.345 -253.14 8.88646 3
398.614 -266.211 9.34774 2
389.667 -264.311 9.19942 3
354.428 -252.253 8.72475 2
357.676 -262.311 8.40382 2
363.372 -263.216 8.54462 2
376.361 -262.974 8.52377 1
425.257 -235.584 10.4921 3
394.619 -210.747 7.84805 3
396.566 -207.955 7.41338 2
392.869 -234.785 7.45443 1
396.856 -202.608 7.64879 2
411.919 -242.749 8.50698 1
391.015 -183.448 6.43466 1
397.45 -227.139 7.22695 1
384.618 -180.955 6.33443 1
392.85 -186.216 6.40023 3
384.254 -171.688 6.14989 1
395.829 -171.47 6.68195 1
389.418 -162.16 6.00573 1
391.101 -160.859 6.96916 3
366.999 -182.68 5.36398 2
388.785 -156.008 5.8903 1
406.92 -170.068 5.28906 1
389.29 -134.295 6.47423 3
387.806 -139.204 5.77829 1
382.645 -147.971 5.69842 1
379.717 -140.528 6.3113 3
381.053 -123.912 5.22085 1
400.146 -144.47 5.81663 1
398.363 -147.933 6.27564 1
379.488 -131.587 5.93032 3
390.897 -180.805 6.29784 1
386.945 -128.788 5.35103 1
384.533 -178.855 6.25024 1
400.291 -148.094 5.72512 1
373.175 -134.48 5.38981 1
368.845 -132.608 6.59995 3
368.704 -134.908 5.32212 1
386.09 -116.234 5.15097 1
387.512 -110.087 6.23283 3
344.511 -134.394 7.01312 3
369.067 -140.506 5.43257 1
353.23 -141.513 5.31307 1
348.589 -136.414 5.13862 1
383.672 -169.534 6.09258 1
348.858 -141.499 5.20119 1
337.493 -137.241 5.06022 1
342.098 -142.181 5.10847 1
327.561 -143.52 5.05127 1
322.157 -138.104 4.92339 1
332.114 -137.571 5.06872 1
334.964 -132.862 5.62812 2
282.789 -130.847 6.67005 2
294.791 -145.568 4.73192 1
294.143 -138.05 5.30384 3
333.713 -137.499 5.0067 1
346.678 -136.377 5.09591 1
324.388 -144.23 4.93133 1
286.465 -140.62 4.56206 1
289.097 -146.048 4.82653 1
308.669 -164.903 5.74402 2
311.18 -165.241 5.36248 2
278.934 -146.904 4.58728 1
270.828 -141.75 4.46069 1
269.142 -139.5 5.39505 3
247.832 -140.147 5.15337 2
292.577 -130.338 5.2069 2
249.527 -143.182 5.10922 1
268.531 -147.302 4.47153 1
285.394 -149.053 5.18949 3
239.667 -140.614 5.25004 2
263.703 -142.596 4.37957 1
251.34 -148.358 4.4578 1
262.332 -147.86 4.44725 1
282.269 -119.022 5.64818 2
231.618 -141.141 5.43118 2
231.114 -133.407 5.6831 2
247.733 -143.339 5.10436 1
229.87 -124.532 6.27348 2
243.702 -141.416 5.31134 3
283.313 -127.234 5.88712 2
230.607 -124.255 4.3707 2
234.83 -124.58 4.43727 2
245.042 -148.757 4.37461 1
225.352 -113.51 4.67723 2
220.318 -121.244 3.72226 1
236.584 -149.776 4.2711 1
234.093 -144.468 4.21479 1
242.202 -124.203 4.77219 2
243.314 -139.111 4.9644 3
221.922 -148.63 4.25518 1
221.839 -150.262 4.18619 1
268.451 -142.02 4.49027 1
221.517 -146.562 4.0686 1
235.849 -139.586 4.9534 3
220.834 -135.276 3.80465 1
221.728 -152.317 4.12202 1
220.365 -131.665 3.74506 1
219.949 -116.271 3.56927 1
224.193 -105.31 4.61263 2
246.282 -114.661 4.80306 2
220.64 -157.943 4.70802 1
221.034 -138.24 3.87172 1
233.18 -150.694 5.34748 3
221.199 -142.539 4.07221 1
218.48 -162.708 4.54103 1
228.365 -156.523 5.33874 3
232.569 -158.509 5.20012 2
219.445 -152.817 5.40418 3
210.899 -175.165 4.77949 1
225.939 -129.429 5.2829 3
246.835 -148.707 4.34649 1
220.906 -170.669 5.05786 3
216.316 -179.66 5.4311 3
223.792 -97.6059 3.81534 2
244.89 -143.607 4.52558 1
223.046 -89.3202 4.17518 2
218.083 -99.4302 3.21201 1
224.092 -102.115 4.11448 3
236.156 -111.414 3.91734 2
222.686 -83.1675 3.76439 3
222.468 -81.0093 3.4104 2
217.68 -92.7619 3.03751 1
216.155 -74.8015 2.59481 1
232.508 -79.3681 2.5242 2
222.389 -78.7773 3.40821 3
229.672 -85.3871 2.87068 3
225.026 -64.2204 2.43608 1
227.161 -72.3974 3.16722 3
245.855 -83.493 2.86698 2
234.865 -63.3602 2.47689 1
242.107 -95.9235 2.89805 2
210.894 -64.3235 3.02285 3
231.936 -71.9499 2.96857 2
238.837 -69.1821 2.90189 3
248.617 -70.632 3.10203 2
264.744 -69.956 3.16453 2
198.694 -65.8337 2.75445 1
206.506 -70.5291 2.5658 1
201.039 -71.2959 2.53829 1
248.581 -68.6104 3.29526 3
257.695 -62.9268 2.66593 1
266.072 -67.3201 3.83365 3
217.421 -90.7745 2.96445 1
249.38 -58.9426 3.38303 3
242.124 -79.4344 3.07661 2
242.324 -55.8438 2.28859 1
247.106 -52.0774 2.43564 1
248.746 -48.8893 3.96439 3
238.57 -56.6712 2.53971 2
246.862 -46.1099 2.42318 1
246.614 -21.6061 4.00658 3
240.544 -31.1524 1.9706 1
283.534 -72.8656 3.74263 2
292.057 -65.4186 4.63964 3
245.233 -23.5796 1.75193 1
256.423 -36.8187 2.60789 3
239.962 -19.6282 1.70272 1
246.682 -21.6405 1.64808 3
244.655 -17.1286 1.5859 1
243.469 -3.8026 1.33893 1
245.289 -0.156531 2.45395 3
239.391 -13.3425 1.39812 1
242.798 5.97846 1.12933 1
244.719 -21.3334 1.55592 1
236.25 31.1031 0.554701 1
248.774 23.648 1.22934 1
231.822 22.9288 0.827232 1
245.817 26.185 1.96334 3
256.204 25.6079 2.19588 2
247.079 13.0759 1.16084 1
243.304 9.83353 1.5911 3
224.793 22.0489 0.881512 1
262.417 23.9552 1.00002 1
246.046 23.5893 0.699815 1
278.242 27.3327 3.29192 2
243.094 28.0593 1.29707 3
210.069 21.1384 0.652155 1
228.922 22.193 0.67203 1
230.714 12.2279 0.848485 1
212.451 22.6431 0.890927 2
275.888 25.7131 1.08047 1
252.411 13.4156 1.22473 1
234.645 27.4364 1.152 3
257.34 13.7487 2.06387 2
251.911 22.8255 0.695874 1
251.874 24.0186 0.951614 1
231.974 10.9651 1.2471 3
260.542 14.1682 1.07966 1
217.413 21.2956 0.400808 1
206.613 21.2737 0.818432 1
213.8 10.5178 1.43506 2
278.653 15.5549 3.51982 2
250.122 13.1575 1.04251 1
268.507 13.5094 2.41425 3
240.119 45.943 0.0792105 1
193.404 9.08032 1.59075 2
242.02 46.2637 1.77181 3
195.285 21.6739 1.60764 2
254.458 23.5958 0.799625 1
236.171 39.4906 0.154338 1
202.554 8.70622 1.28319 3
235.991 9.44046 1.07622 3
203.164 21.8812 2.16499 2
265.878 15.118 1.13445 1
221.518 22.8615 2.19635 2
295.026 16.4171 3.2928 2
294.348 27.9439 3.36847 2
275.672 15.4625 1.28474 1
223.557 21.8177 0.701899 1
283.297 25.6275 1.45041 1
290.124 29.4032 2.91312 3
280.814 25.2992 1.22011 1
287.33 24.7711 1.1926 1
312.009 17.7149 3.58088 2
310.641 29.089 3.20979 2
292.65 26.2518 1.36721 1
299.103 17.0572 1.52015 1
296.971 26.4872 1.40603 1
301.833 27.341 1.30178 1
307.35 17.5271 1.66036 1
305.494 27.125 1.34942 1
289.993 26.0149 1.38686 1
327.797 19.0515 3.7437 2
327.634 30.4529 3.40169 2
306.866 27.2725 1.39419 1
323.006 28.7974 1.61359 1
315.066 18.3894 1.81791 1
340.412 31.1771 3.22255 2
319.565 18.5871 1.77224 1
325.677 28.8587 1.94959 1
331.861 19.5199 1.90442 1
350.737 20.3608 3.65899 2
309.193 28.0178 1.428 1
356.331 19.6488 3.97072 3
330.664 28.6199 1.80767 1
338.44 28.8416 1.96237 1
333.042 28.6348 1.64326 1
342.381 20.1264 2.11265 1
335.353 29.3156 1.82623 1
345.029 29.5794 1.7444 1
352.951 30.8833 1.72914 1
357.656 21.0092 2.21618 1
360.993 31.0787 2.03968 1
317.722 18.3183 1.72692 1
381.901 35.4274 3.86653 3
383.164 22.7554 2.61095 1
363.805 31.0783 2.22528 1
357.997 32.2233 3.10536 2
355.828 32.0218 1.94356 1
400.401 23.653 4.06039 2
383.202 22.8197 2.50466 1
394.216 32.3702 2.93574 3
378.276 19.3938 2.88098 3
408.132 36.2051 3.49991 2
374.434 47.7375 1.77237 1
376.324 61.148 2.44197 2
379.203 8.34713 3.05892 3
375.976 64.5907 2.36416 2
375.917 68.2749 2.2671 2
377.296 4.99104 2.75843 1
408.568 24.1091 3.34653 3
406.405 34.0586 2.27014 1
378.031 -2.97473 3.09248 1
369.256 47.2315 1.78534 1
371.856 3.91552 2.68265 1
417.361 24.9865 4.04799 2
368.757 16.9749 2.44135 3
389.865 23.9579 2.47089 1
405.929 22.9398 3.27819 3
380.661 -13.2064 5.12083 3
397.284 35.5127 2.33739 1
420.476 37.2625 3.8673 2
373.347 66.0024 1.1412 1
372.182 78.8955 0.93046 1
367.37 74.2204 1.03352 1
372.994 99.2888 1.89917 3
375.082 68.3192 1.87547 3
345.777 88.8688 -0.729835 3
371.105 125.918 1.09687 3
373.508 115.89 0.875807 3
373.419 108.674 1.07739 3
371.994 80.7855 0.887362 1
369.563 119.781 0.0760203 1
376.857 117.57 0.939231 3
378.42 114.799 0.342356 1
386.091 89.3966 0.799901 2
388.406 115.855 0.518032 1
384.872 110.164 1.08223 1
356.978 113.865 -0.0367919 1
362.511 89.9414 1.81229 3
350.95 115.871 0.859336 2
368.658 127.266 -0.131989 1
394.1 116.314 0.486299 1
357.813 108.47 0.103145 1
349.377 113.185 -0.188322 1
333.464 116.398 -0.260517 1
402.382 119.483 2.15269 3
343.355 107.294 -0.0835545 1
371.875 82.9016 0.858549 1
369.235 151.615 0.828871 3
397.988 111.293 0.580915 1
387.364 110.75 0.721856 1
361.982 152.093 -0.543655 1
366.424 166.267 -0.966487 1
361.716 158.123 -0.739153 1
360.918 168.182 -1.06829 1
365.09 184.297 -1.36493 1
356.837 186.599 -0.943761 3
365.782 203.481 -0.348999 3
355.467 199.811 -0.573261 3
364.004 192.836 -1.44598 1
353.093 196.229 -1.22456 2
363.668 199.77 -1.75869 1
365.816 228.735 -0.999886 3
358.012 217.333 -2.20656 1
351.69 189.149 -1.68837 1
340.428 195.419 -0.973752 2
333.143 194.859 -1.0803 2
346.465 195.918 -1.2214 2
326.128 194.052 -1.14724 2
332.084 187.307 -1.3418 1
312.19 193.439 -1.12629 2
366.275 168.272 -1.0199 1
330.157 187.224 -1.47219 1
360.584 170.284 -1.15662 1
363.22 221.314 -2.30943 1
358.177 227.501 -2.56579 1
368.001 252.402 -1.95198 3
363.855 230.872 -2.50454 1
359.744 245.309 -2.99843 1
352.818 220.588 -1.75734 2
353.897 218.148 -1.58905 2
364.277 238.35 -2.70184 1
358.555 232.372 -2.93772 1
366.472 258.282 -3.26203 1
366.732 275.14 -2.56262 3
372.87 274.056 -2.88736 2
362.103 258.392 -3.19517 1
368.37 274.972 -3.15263 2
369.999 262.246 -2.65167 3
362.877 275.838 -2.56242 2
379.008 266.779 -3.22107 1
383.474 265.87 -3.25033 1
391.355 270.26 -1.96601 2
342.124 277.888 -3.16776 3
350.211 270.603 -3.70452 1
401.077 261.735 -2.91631 1
317.055 278.538 -2.81579 3
335.442 271.451 -3.35862 1
361.928 260.425 -3.17619 1
347.839 271.02 -3.70433 1
319.279 271.735 -3.93298 1
291.754 276.685 -3.12842 3
324.124 266.586 -3.74554 1
314.195 271.759 -3.89968 1
326.89 266.227 -3.7167 1
302.643 270.838 -3.99118 1
316.824 271.76 -3.93766 1
332.849 271.405 -3.30669 1
267.183 272.993 -3.70742 3
296.725 270.201 -4.15678 1
267.182 266.944 -4.41761 1
241.997 267.006 -3.10386 3
262.273 266.108 -4.28798 1
250.828 263.328 -4.4478 1
261.212 260.928 -3.77721 2
264.73 266.633 -4.23365 1
245.044 262.095 -4.50131 1
218.215 258.998 -3.28757 3
195.347 249.175 -3.53928 3
200.998 245.342 -4.24877 1
182.422 242.804 -4.04916 2
178.688 240.693 -3.98945 2
174.078 237.852 -3.90862 3
196.065 243.196 -4.31684 1
175.572 231.097 -4.2718 1
172.018 236.829 -4.1808 2
166.478 226.345 -4.24783 1
190.836 216.63 -3.87313 1
197.068 205.139 -3.65462 1
175.35 225.078 -3.08759 2
197.808 214.086 -3.75872 1
206.054 198.554 -2.8581 1
160.271 221.122 -4.21037 1
132.256 208.352 -3.09137 3
138.704 199.859 -2.38716 2
170.888 222.335 -3.83294 2
141.682 206.727 -4.10182 1
164.839 224.819 -4.31161 1
135.368 201.583 -3.99518 1
113.988 190.754 -2.85139 3
141.349 202.008 -2.62314 2
121.555 189.825 -3.96139 1
133.557 200.358 -3.99134 1
119.861 188.319 -3.95162 1
97.297 172.229 -2.68837 3
118.188 186.999 -4.05126 1
116.998 175.099 -3.50221 1
104.342 170.595 -3.74846 1
82.4969 155.026 -2.28081 3
103.932 161.06 -3.18386 1
96.7178 146.712 -1.52419 2
65.7374 135.882 -2.10174 3
80.5351 135.247 -3.22336 1
48.4449 115.682 -1.9952 3
59.6156 110.322 -1.633 3
43.3009 92.3956 -1.04469 2
62.9065 110.594 -1.04224 2
32.5733 97.4031 -2.04033 3
68.0195 102.622 -1.04388 3
38.0163 85.8762 -1.9441 2
84.4643 91.0568 -0.670131 2
80.5524 94.9768 -2.186 1
33.4699 89.5551 -2.35665 1
15.7531 77.9289 -1.15134 3
53.3858 102.033 -0.914401 3
-0.629336 59.0034 -0.96495 3
44.1004 68.0933 -3.15806 1
17.5775 62.5958 -1.67042 2
23.0071 68.6695 -1.5915 2
11.2096 55.3541 -1.68612 2
-17.6035 39.2519 -1.04628 3
-23.0258 18.0145 -1.24127 1
-24.2752 20.3373 -1.30985 1
-30.8969 17.0316 -0.189477 2
-26.0569 14.2313 0.127158 2
-24.6257 9.79958 0.154758 2
-25.1227 23.695 -1.72769 1
25.1069 34.8603 -0.947742 2
24.4765 37.5253 0.123243 2
-18.764 11.1815 -1.17242 1
-39.8666 7.97591 -0.202432 2
-15.8678 1.95715 0.0286388 3
-49.0331 -1.23005 -0.52099 2
-11.9775 5.6015 -0.607418 3
-44.6983 -7.55013 -0.965173 2
4.6787 -3.41248 -0.443564 3
-21.3801 15.5273 -1.50861 1
3.98975 5.63239 -0.577761 3
15.3377 -3.09555 0.0038374 2
-25.2183 13.7492 -0.832036 2
-25.992 -23.4965 1.15542 3
4.953 6.95922 -1.08679 1
9.46007 -2.94785 -0.919592 1
23.7188 -2.57265 0.358727 2
-39.8309 -13.7029 0.459219 2
-9.87848 -12.2016 -0.248411 3
-25.9089 -6.34401 0.145599 3
-27.1566 -31.3973 1.07717 3
12.9698 -4.09896 0.252675 3
11.5233 9.0102 -0.198217 2
17.9557 9.41447 -0.275119 2
36.6237 -1.46004 0.564535 2
31.435 9.88208 0.279277 2
32.8628 11.498 -0.0836063 3
-49.4369 -20.8901 0.250168 3
38.0073 -0.824139 2.09408 2
42.8339 10.31 1.1837 2
24.3698 8.27958 -1.01832 1
-21.1845 15.2358 -1.48888 1
-7.47584 17.0959 -0.06165 2
29.2035 7.38754 -0.803964 1
27.0341 8.55362 -0.971265 1
52.1604 -0.678125 1.55438 2
40.5024 -0.779789 -0.347077 1
38.9504 8.55442 -0.805236 1
24.6583 -25.3919 -1.30554 2
36.3127 11.697 0.0509205 3
73.9254 0.866615 1.33785 2
55.6336 11.7534 0.124862 2
73.7759 12.9341 0.84291 2
58.822 0.200939 -0.736632 1
41.3839 9.20376 -0.826144 1
58.0165 -1.09619 0.144573 3
68.8161 10.9664 -0.485644 1
60.7395 10.1873 -0.645748 1
76.1304 10.5746 -0.540371 1
44.1994 -1.05081 -0.558191 1
93.1586 11.5588 0.592282 3
71.3806 11.3379 -0.62925 1
52.093 40.3597 -0.00577444 2
76.9957 1.78586 -0.424973 1
101.528 14.4946 1.21168 2
79.8293 14.8642 0.850103 3
94.5265 13.5365 -0.629498 1
95.034 1.50442 0.347193 3
96.6056 2.65613 -0.415094 1
82.5795 16.877 0.271999 3
112.338 3.51041 1.68372 2
79.8124 11.3582 -0.710909 1
113.065 15.7175 1.27231 2
91.0383 17.284 0.187474 3
91.2982 -6.34414 -0.163301 1
99.1462 12.7448 -0.525136 1
97.3423 12.4384 -0.576369 1
90.7388 35.8458 0.37901 3
80.3389 27.5984 -0.509443 2
84.0953 26.1015 -1.12647 1
114.914 14.2292 -0.110394 1
87.9778 38.8161 -1.40209 1
91.483 -15.7027 -0.123603 1
95.5831 -12.738 0.839008 2
95.045 -37.7265 1.09516 3
106.302 13.5287 -0.530835 1
103.914 13.3976 -0.384538 1
93.9217 -11.1534 0.0721744 3
84.137 -1.44246 -0.116606 3
83.857 32.242 -1.29137 1
117.339 17.2183 1.18385 3
