0 1
0 2
0 3
0 4
0 5
0 6
0 7
0 8
0 9
0 10
0 11
0 12
0 13
0 14
0 15
0 16
0 17
0 18
1 2
1 3
1 4
1 5
1 6
1 7
1 8
1 9
1 10
1 11
1 12
1 13
1 14
1 15
1 16
1 17
1 18
2 3
2 4
2 5
2 6
2 7
2 8
2 9
2 10
2 11
2 12
2 13
2 14
2 15
2 16
2 17
2 18
3 4
3 5
3 6
3 7
3 8
3 9
3 10
3 11
3 12
3 13
3 14
3 15
3 16
3 17
3 18
4 5
4 6
4 7
4 8
4 9
4 10
4 11
4 12
4 13
4 14
4 15
4 16
4 17
4 18
5 6
5 7
5 8
5 9
5 10
5 11
5 12
5 13
5 14
5 15
5 16
5 17
5 18
6 7
6 8
6 9
6 10
6 11
6 12
6 13
6 14
6 15
6 16
6 17
6 18
7 8
7 9
7 10
7 11
7 12
7 13
7 15
7 16
7 17
7 18
8 9
8 10
8 11
8 12
8 13
8 14
8 15
8 16
8 17
8 18
9 10
9 11
9 12
9 13
9 14
9 15
9 16
9 17
9 18
10 11
10 12
10 13
10 14
10 15
10 16
10 17
10 18
11 12
11 13
11 14
11 15
11 16
11 17
11 18
12 13
12 15
12 16
12 17
12 18
13 15
13 16
13 17
13 18
14 15
14 16
14 17
14 18
15 16
15 17
15 18
16 17
16 18
17 18
19 0
19 1
19 2
19 3
19 4
19 5
19 6
19 7
19 8
19 9
19 10
19 11
19 12
19 13
19 14
19 15
19 16
19 17
19 18
20 0
20 1
20 2
20 3
20 4
20 5
20 6
20 7
20 8
20 9
20 10
20 11
20 12
20 13
20 15
20 16
20 17
20 18
21 0
21 1
21 2
21 3
21 4
21 5
21 6
21 7
21 8
21 9
21 10
21 11
21 13
21 14
21 15
21 16
21 17
21 18
22 0
22 1
22 2
22 3
22 4
22 5
22 6
22 7
22 8
22 9
22 10
22 11
22 12
22 13
22 14
22 15
22 16
22 17
22 18
19 20
19 21
19 22
20 21
20 22
21 22
23 0
23 1
23 2
23 3
23 4
23 5
23 6
23 7
23 8
23 9
23 10
23 11
23 12
23 13
23 14
23 15
23 16
23 17
23 18
23 19
23 20
23 21
23 22
24 0
24 1
24 2
24 3
24 4
24 5
24 6
24 7
24 8
24 9
24 10
24 11
24 12
24 13
24 14
24 15
24 16
24 17
24 18
24 19
24 20
24 21
24 22
24 23
25 0
25 1
25 2
25 3
25 4
25 5
25 6
25 7
25 8
25 9
25 10
25 11
25 12
25 13
25 14
25 15
25 16
25 17
25 18
25 19
25 20
25 21
25 22
25 23
25 24
26 0
26 1
26 2
26 3
26 4
26 5
26 6
26 7
26 8
26 9
26 10
26 11
26 12
26 13
26 14
26 15
26 16
26 17
26 18
26 19
26 20
26 21
26 22
26 23
26 24
26 25
27 0
27 1
27 2
27 3
27 4
27 5
27 6
27 7
27 8
27 9
27 10
27 11
27 12
27 13
27 14
27 15
27 16
27 17
27 18
27 19
27 20
27 21
27 22
27 23
27 24
27 25
27 26
28 0
28 1
28 2
28 3
28 4
28 5
28 6
28 7
28 8
28 9
28 10
28 11
28 12
28 13
28 14
28 15
28 16
28 17
28 18
28 19
28 20
28 21
28 22
28 23
28 24
28 25
28 26
28 27
29 0
29 1
29 2
29 3
29 4
29 5
29 6
29 7
29 8
29 9
29 10
29 11
29 12
29 15
29 16
29 17
29 18
29 19
29 20
29 21
29 22
29 23
29 24
29 25
29 26
29 27
29 28
30 0
30 1
30 2
30 3
30 4
30 5
30 6
30 7
30 8
30 9
30 10
30 11
30 12
30 13
30 15
30 16
30 17
30 18
30 19
30 20
30 21
30 22
30 23
30 24
30 25
30 26
30 27
30 28
30 29
31 23
31 24
31 25
31 26
31 27
31 28
31 29
31 30
32 23
32 24
32 25
32 26
32 27
32 28
32 30
31 32
33 26
33 27
33 28
33 29
33 30
33 31
33 32
34 28
34 30
34 31
34 33
35 29
35 30
35 31
35 32
35 33
36 29
36 30
36 31
36 32
36 33
36 34
36 35
37 29
37 30
37 31
37 32
37 33
37 35
36 37
38 29
38 30
38 31
38 32
38 33
38 35
38 36
38 37
39 29
39 30
39 31
39 32
39 33
39 34
39 35
39 36
39 37
38 39
40 33
40 35
40 36
40 37
40 38
40 39
41 35
41 36
41 37
41 38
41 39
41 40
42 40
42 41
43 41
43 42
44 41
44 42
44 43
45 41
45 42
45 43
45 44
46 41
46 42
46 43
46 44
46 45
47 41
47 42
47 43
47 44
47 45
47 46
48 41
48 42
48 43
48 44
48 45
48 46
48 47
49 42
49 43
49 44
49 45
49 46
49 47
49 48
50 42
50 43
50 44
50 45
50 46
50 47
50 48
50 49
51 42
51 43
51 44
51 45
51 46
51 47
51 48
51 49
51 50
52 44
52 46
52 47
52 48
52 49
52 50
53 44
53 45
53 46
53 47
53 48
53 49
53 50
53 51
53 52
54 45
54 46
54 47
54 48
54 49
54 50
54 51
54 52
54 53
55 45
55 46
55 47
55 48
55 49
55 50
55 51
55 53
55 54
56 46
56 47
56 48
56 49
56 50
56 51
56 52
56 53
56 54
56 55
57 50
57 51
57 52
57 53
57 54
57 55
57 56
58 50
58 51
58 52
58 53
58 54
58 55
58 56
58 57
59 51
59 52
59 53
59 55
59 56
59 57
59 58
60 51
60 52
60 53
60 55
60 57
60 58
59 60
61 54
61 55
61 56
61 57
61 58
61 59
61 60
62 57
62 58
62 59
62 60
62 61
63 57
63 58
63 59
63 60
63 61
63 62
64 58
64 59
64 60
64 61
64 62
64 63
65 58
65 59
65 60
65 61
65 62
65 63
64 65
66 59
66 60
66 61
66 62
66 63
66 64
66 65
67 62
67 63
67 64
67 65
67 66
68 64
68 65
68 66
68 67
69 64
69 65
69 66
69 67
68 69
70 64
70 65
70 66
70 67
70 68
70 69
71 64
71 65
71 66
71 67
71 68
71 69
70 71
72 66
72 67
72 68
72 69
72 70
72 71
73 67
73 68
73 69
73 70
73 71
73 72
74 67
74 68
74 69
74 70
74 71
74 72
74 73
75 67
75 68
75 69
75 70
75 71
75 72
75 73
75 74
76 67
76 68
76 69
76 70
76 71
76 72
76 73
76 74
75 76
77 67
77 68
77 69
77 70
77 71
77 72
77 73
77 74
77 75
77 76
78 68
78 69
78 70
78 71
78 72
78 73
78 74
78 75
78 76
78 77
79 68
79 69
79 70
79 71
79 72
79 73
79 74
79 75
79 76
79 77
79 78
80 72
80 73
80 74
80 75
80 76
80 77
80 78
80 79
81 75
81 76
81 77
81 78
81 79
81 80
82 77
82 78
82 79
82 80
82 81
83 77
83 78
83 79
83 80
83 81
84 79
84 80
84 81
84 82
84 83
85 80
85 81
85 82
85 83
85 84
86 80
86 81
86 82
86 83
86 84
85 86
87 81
87 83
87 84
87 85
87 86
88 84
88 85
88 86
89 85
89 88
90 88
90 89
91 89
91 90
92 89
92 90
92 91
93 90
93 91
95 94
96 94
96 95
97 94
97 95
97 96
98 94
98 95
98 96
98 97
99 95
99 96
99 97
99 98
100 95
100 96
100 97
100 98
100 99
101 95
101 96
101 97
101 98
101 99
101 100
102 96
102 97
102 98
102 99
102 100
102 101
103 97
103 98
103 99
103 100
103 101
103 102
104 98
104 99
104 100
104 101
104 102
104 103
105 99
105 100
105 101
105 102
105 103
105 104
106 101
106 102
106 103
106 104
106 105
107 101
107 102
107 103
107 104
107 105
107 106
108 101
108 102
108 103
108 104
108 105
108 106
107 108
109 101
109 102
109 103
109 104
109 105
109 106
109 107
109 108
110 102
110 103
110 104
110 105
110 106
110 107
110 108
110 109
111 102
111 103
111 104
111 105
111 106
111 107
111 108
111 109
111 110
112 102
112 103
112 104
112 105
112 106
112 107
112 108
112 109
112 110
112 111
113 102
113 103
113 104
113 105
113 106
113 107
113 108
113 109
113 110
113 111
112 113
114 105
114 106
114 107
114 108
114 109
114 110
114 111
114 112
114 113
115 105
115 106
115 107
115 108
115 109
115 110
115 111
115 112
115 113
115 114
116 105
116 106
116 107
116 108
116 109
116 110
116 111
116 112
116 113
116 114
115 116
117 105
117 106
117 107
117 108
117 109
117 110
117 111
117 112
117 113
117 114
117 115
117 116
118 106
118 107
118 108
118 109
118 110
118 111
118 112
118 113
118 114
118 115
118 116
118 117
119 114
119 115
119 116
119 117
119 118
120 114
120 115
120 116
120 117
120 118
120 119
121 114
121 115
121 116
121 117
121 118
121 119
121 120
122 118
122 119
122 120
122 121
123 119
123 120
123 121
123 122
124 119
124 120
124 121
124 122
124 123
125 119
125 120
125 121
125 122
125 123
125 124
126 121
126 122
126 123
126 124
126 125
127 123
127 124
127 125
127 126
128 123
128 124
128 125
128 126
127 128
129 125
129 126
129 127
129 128
130 126
130 127
130 128
130 129
131 126
131 127
131 128
131 129
131 130
132 126
132 127
132 129
132 130
132 131
133 127
133 128
133 129
133 130
133 131
133 132
134 127
134 128
134 129
134 130
134 131
134 132
134 133
135 127
135 128
135 129
135 130
135 131
135 132
135 133
135 134
136 127
136 128
136 129
136 130
136 131
136 132
136 133
136 134
136 135
137 127
137 128
137 129
137 130
137 131
137 132
137 133
137 134
137 135
136 137
138 127
138 128
138 129
138 130
138 131
138 132
138 133
138 134
138 135
138 136
138 137
139 127
139 128
139 129
139 130
139 131
139 132
139 133
139 134
139 135
139 136
139 137
139 138
140 127
140 128
140 129
140 130
140 131
140 132
140 133
140 134
140 135
140 136
140 137
140 138
141 127
141 129
141 130
141 131
141 132
141 133
141 134
141 135
141 136
141 137
141 138
142 127
142 128
142 129
142 130
142 131
142 132
142 133
142 134
142 135
142 136
142 137
142 138
139 140
139 141
139 142
140 141
140 142
141 142
143 127
143 128
143 129
143 130
143 131
143 132
143 133
143 134
143 135
143 136
143 137
143 138
143 139
143 140
143 141
143 142
144 129
144 130
144 131
144 132
144 133
144 134
144 135
144 136
144 137
144 138
144 139
144 140
144 141
144 142
144 143
145 129
145 130
145 131
145 132
145 133
145 134
145 135
145 136
145 137
145 138
145 139
145 140
145 141
145 142
145 143
145 144
146 129
146 130
146 131
146 132
146 133
146 134
146 135
146 136
146 137
146 138
146 139
146 140
146 141
146 142
146 143
146 144
146 145
147 129
147 130
147 131
147 132
147 133
147 134
147 135
147 136
147 137
147 138
147 139
147 140
147 141
147 142
147 143
147 144
147 145
146 147
148 129
148 130
148 131
148 132
148 133
148 134
148 135
148 136
148 137
148 138
148 139
148 140
148 141
148 142
148 143
148 144
148 145
148 146
148 147
149 135
149 136
149 137
149 138
149 139
149 140
149 141
149 142
149 143
149 144
149 145
149 146
149 147
149 148
150 135
150 136
150 137
150 138
150 139
150 142
150 143
150 144
150 145
150 146
150 147
150 148
150 149
151 135
151 136
151 137
151 138
151 139
151 140
151 141
151 142
151 143
151 144
151 145
151 146
151 147
151 148
151 149
151 150
152 135
152 136
152 137
152 138
152 139
152 140
152 141
152 142
152 143
152 144
152 145
152 146
152 147
152 148
152 149
152 150
152 151
153 135
153 136
153 137
153 138
153 139
153 140
153 141
153 142
153 143
153 144
153 145
153 146
153 147
153 148
153 149
153 150
153 151
153 152
154 138
154 139
154 140
154 141
154 142
154 143
154 144
154 145
154 146
154 147
154 148
154 149
154 150
154 151
154 152
154 153
155 143
155 144
155 145
155 146
155 147
155 148
155 149
155 150
155 151
155 152
155 153
155 154
156 145
156 146
156 147
156 148
156 149
156 150
156 151
156 152
156 153
156 154
156 155
157 149
157 150
157 151
157 152
157 153
157 154
157 155
157 156
158 149
158 150
158 151
158 152
158 153
158 154
158 155
158 156
158 157
159 149
159 150
159 151
159 152
159 153
159 154
159 155
159 156
159 157
159 158
160 149
160 150
160 151
160 152
160 153
160 154
160 155
160 156
160 157
160 158
160 159
161 149
161 150
161 151
161 152
161 153
161 154
161 155
161 156
161 157
161 158
161 159
161 160
162 154
162 155
162 156
162 157
162 158
162 159
162 160
162 161
163 154
163 155
163 156
163 157
163 158
163 159
163 160
163 161
163 162
164 155
164 156
164 157
164 158
164 159
164 160
164 161
164 162
164 163
165 155
165 156
165 157
165 158
165 159
165 160
165 161
165 162
165 163
164 165
166 158
166 159
166 160
166 161
166 162
166 163
166 164
166 165
167 159
167 160
167 161
167 162
167 163
167 164
167 165
167 166
168 160
168 161
168 162
168 163
168 164
168 165
168 166
168 167
169 160
169 161
169 162
169 163
169 164
169 165
169 166
169 167
168 169
170 162
170 163
170 164
170 165
170 166
170 167
170 168
170 169
171 162
171 163
171 164
171 165
171 166
171 167
171 168
171 169
171 170
172 162
172 163
172 164
172 165
172 166
172 167
172 168
172 169
172 170
172 171
173 162
173 163
173 164
173 165
173 166
173 167
173 168
173 169
173 170
173 171
173 172
174 162
174 163
174 164
174 165
174 166
174 167
174 168
174 169
174 170
174 171
174 172
174 173
175 164
175 165
175 166
175 167
175 168
175 169
175 170
175 171
175 172
175 173
175 174
176 164
176 165
176 166
176 167
176 168
176 169
176 170
176 171
176 172
176 173
176 174
176 175
177 164
177 165
177 166
177 167
177 168
177 169
177 170
177 171
177 172
177 173
177 174
177 175
178 164
178 165
178 166
178 167
178 168
178 169
178 170
178 171
178 172
178 173
178 174
178 175
176 177
176 178
177 178
179 164
179 165
179 166
179 167
179 168
179 169
179 170
179 171
179 172
179 173
179 174
179 175
179 176
179 177
179 178
180 164
180 165
180 166
180 167
180 168
180 169
180 170
180 171
180 172
180 173
180 174
180 175
180 176
180 177
180 178
180 179
181 166
181 167
181 168
181 169
181 170
181 171
181 172
181 173
181 174
181 175
181 176
181 177
181 178
181 179
181 180
182 166
182 167
182 168
182 169
182 170
182 171
182 172
182 173
182 174
182 175
182 176
182 177
182 178
182 179
182 180
183 166
183 167
183 168
183 169
183 170
183 171
183 172
183 173
183 174
183 175
183 176
183 177
183 178
183 179
183 180
184 166
184 167
184 168
184 169
184 170
184 171
184 172
184 173
184 174
184 175
184 176
184 177
184 178
184 179
184 180
181 182
181 183
181 184
182 183
182 184
185 166
185 167
185 168
185 169
185 170
185 171
185 172
185 173
185 174
185 175
185 176
185 177
185 178
185 179
185 180
185 181
185 182
185 184
186 166
186 167
186 168
186 169
186 170
186 171
186 172
186 173
186 174
186 175
186 176
186 177
186 178
186 179
186 180
186 181
186 182
186 183
186 184
186 185
187 166
187 167
187 168
187 169
187 170
187 171
187 172
187 174
187 176
187 177
187 178
187 179
187 180
187 181
187 182
187 184
187 185
188 166
188 167
188 168
188 169
188 170
188 171
188 172
188 173
188 174
188 175
188 176
188 177
188 178
188 179
188 180
188 181
188 182
188 183
188 184
188 185
188 186
188 187
189 166
189 167
189 168
189 169
189 170
189 171
189 172
189 173
189 174
189 175
189 176
189 177
189 178
189 179
189 180
189 181
189 182
189 183
189 184
189 185
189 186
189 187
190 166
190 167
190 168
190 169
190 170
190 171
190 172
190 173
190 174
190 175
190 176
190 177
190 178
190 179
190 180
190 181
190 182
190 183
190 184
190 185
190 186
190 187
188 189
188 190
189 190
191 166
191 167
191 168
191 169
191 170
191 171
191 172
191 173
191 174
191 175
191 176
191 177
191 178
191 179
191 180
191 181
191 182
191 183
191 184
191 185
191 186
191 187
191 188
191 189
191 190
192 166
192 167
192 168
192 169
192 170
192 171
192 172
192 173
192 174
192 175
192 176
192 177
192 178
192 179
192 180
192 181
192 182
192 183
192 184
192 185
192 186
192 187
192 188
192 189
192 190
192 191
193 166
193 167
193 168
193 169
193 170
193 171
193 172
193 173
193 174
193 175
193 176
193 177
193 178
193 179
193 180
193 181
193 182
193 183
193 184
193 185
193 186
193 188
193 189
193 190
193 191
193 192
194 167
194 168
194 169
194 170
194 171
194 172
194 173
194 174
194 175
194 176
194 177
194 178
194 179
194 180
194 181
194 182
194 183
194 184
194 185
194 186
194 187
194 188
194 189
194 190
194 191
194 192
194 193
195 167
195 168
195 169
195 170
195 171
195 172
195 173
195 174
195 175
195 176
195 177
195 178
195 179
195 180
195 181
195 182
195 184
195 185
195 186
195 187
195 188
195 189
195 190
195 191
195 192
195 193
196 167
196 168
196 169
196 170
196 171
196 172
196 173
196 174
196 175
196 176
196 177
196 178
196 179
196 180
196 181
196 182
196 184
196 185
196 187
196 188
196 189
196 190
196 191
196 192
194 195
194 196
195 196
197 168
197 169
197 170
197 171
197 172
197 173
197 174
197 175
197 176
197 177
197 178
197 179
197 180
197 181
197 182
197 184
197 185
197 187
197 188
197 189
197 190
197 191
197 192
197 193
197 194
197 195
197 196
198 168
198 169
198 170
198 171
198 172
198 173
198 174
198 175
198 176
198 177
198 178
198 180
198 183
198 186
198 189
198 190
198 191
198 192
198 193
198 194
199 168
199 170
199 171
199 172
199 174
199 178
199 179
199 180
199 181
199 182
199 184
199 185
199 187
199 188
199 189
199 190
199 192
199 195
199 196
197 199
200 170
200 171
200 172
200 173
200 174
200 175
200 176
200 177
200 178
200 179
200 180
200 181
200 182
200 184
200 185
200 186
200 187
200 188
200 189
200 190
200 191
200 192
200 193
200 194
200 195
200 196
200 197
200 199
201 170
201 171
201 172
201 173
201 174
201 175
201 176
201 177
201 178
201 179
201 180
201 182
201 183
201 186
201 188
201 189
201 190
201 191
201 192
201 193
201 194
201 198
202 170
202 171
202 172
202 173
202 174
202 175
202 176
202 177
202 178
202 179
202 180
202 181
202 182
202 183
202 184
202 185
202 186
202 187
202 188
202 189
202 190
202 191
202 192
202 193
202 194
202 195
202 196
202 197
202 198
202 200
202 201
203 175
203 176
203 177
203 178
203 179
203 180
203 181
203 182
203 183
203 184
203 185
203 186
203 188
203 189
203 190
203 191
203 192
203 193
203 194
203 195
203 196
203 197
203 198
203 200
203 201
203 202
205 204
206 204
207 206
208 205
208 206
207 208
209 206
209 207
209 208
210 206
210 207
210 209
211 205
211 206
211 207
211 208
211 209
211 210
212 205
212 206
212 207
212 208
212 209
212 210
212 211
213 205
213 206
213 207
213 208
213 209
213 210
213 211
213 212
214 205
214 206
214 207
214 208
214 209
214 210
214 211
214 212
214 213
215 205
215 206
215 207
215 208
215 209
215 210
215 211
215 212
215 213
215 214
216 205
216 206
216 207
216 208
216 209
216 210
216 211
216 212
216 213
216 214
216 215
217 206
217 207
217 208
217 209
217 210
217 211
217 212
217 213
217 214
217 215
217 216
218 207
218 208
218 209
218 210
218 211
218 212
218 213
218 214
218 215
218 216
218 217
219 207
219 208
219 209
219 210
219 211
219 212
219 213
219 214
219 215
219 216
219 217
218 219
220 207
220 208
220 209
220 210
220 211
220 212
220 213
220 214
220 215
220 216
220 217
220 218
220 219
221 207
221 208
221 209
221 210
221 211
221 212
221 213
221 214
221 215
221 216
221 217
221 218
221 219
221 220
222 210
222 211
222 212
222 213
222 214
222 215
222 216
222 217
222 218
222 219
222 220
222 221
223 210
223 211
223 212
223 213
223 214
223 215
223 216
223 217
223 218
223 219
223 220
223 221
224 210
224 211
224 212
224 213
224 214
224 215
224 216
224 217
224 218
224 219
224 220
224 221
225 210
225 211
225 212
225 213
225 214
225 215
225 216
225 217
225 218
225 219
225 220
225 221
222 223
222 224
222 225
223 224
223 225
224 225
226 211
226 212
226 213
226 214
226 215
226 216
226 217
226 218
226 219
226 220
226 221
226 222
226 223
226 224
226 225
227 211
227 212
227 213
227 214
227 215
227 216
227 217
227 218
227 219
227 220
227 221
227 222
227 223
227 224
227 225
226 227
228 211
228 212
228 213
228 214
228 215
228 216
228 217
228 218
228 219
228 220
228 221
228 222
228 223
228 224
228 225
228 226
228 227
229 211
229 212
229 213
229 214
229 215
229 216
229 217
229 218
229 219
229 220
229 221
229 222
229 223
229 224
229 225
229 226
229 227
229 228
230 212
230 213
230 214
230 215
230 216
230 217
230 218
230 219
230 220
230 221
230 222
230 223
230 224
230 225
230 226
230 227
230 228
230 229
231 212
231 213
231 214
231 215
231 216
231 217
231 218
231 219
231 220
231 221
231 222
231 223
231 224
231 225
231 226
231 227
231 228
231 229
231 230
232 212
232 213
232 214
232 215
232 216
232 217
232 218
232 219
232 220
232 221
232 222
232 223
232 224
232 225
232 226
232 227
232 228
232 229
232 230
232 231
233 214
233 215
233 216
233 217
233 218
233 219
233 220
233 221
233 222
233 223
233 224
233 225
233 226
233 227
233 228
233 229
233 230
233 231
233 232
234 221
234 222
234 223
234 224
234 225
234 226
234 227
234 228
234 229
234 230
234 231
234 232
234 233
235 221
235 222
235 223
235 224
235 225
235 226
235 227
235 228
235 229
235 230
235 231
235 232
235 233
234 235
236 222
236 223
236 224
236 225
236 226
236 227
236 228
236 229
236 230
236 231
236 232
236 233
236 234
236 235
237 226
237 227
237 228
237 229
237 230
237 231
237 232
237 233
237 234
237 235
237 236
238 228
238 229
238 230
238 231
238 232
238 233
238 234
238 235
238 236
238 237
239 228
239 229
239 230
239 231
239 232
239 233
239 234
239 235
239 236
239 237
240 228
240 229
240 230
240 231
240 232
240 233
240 234
240 235
240 236
240 237
238 239
238 240
239 240
241 229
241 230
241 231
241 232
241 233
241 234
241 235
241 236
241 237
241 238
241 239
241 240
242 230
242 231
242 232
242 233
242 234
242 235
242 236
242 237
242 238
242 239
242 240
242 241
243 231
243 232
243 233
243 234
243 235
243 236
243 237
243 238
243 239
243 240
243 241
243 242
244 232
244 233
244 234
244 235
244 236
244 237
244 238
244 239
244 240
244 241
244 242
244 243
245 232
245 233
245 234
245 235
245 236
245 237
245 238
245 239
245 240
245 241
245 242
245 243
246 232
246 233
246 234
246 235
246 236
246 237
246 238
246 239
246 240
246 241
246 242
246 243
244 245
244 246
245 246
247 233
247 234
247 235
247 236
247 237
247 238
247 239
247 240
247 241
247 242
247 243
247 244
247 245
247 246
248 234
248 235
248 236
248 237
248 238
248 239
248 240
248 241
248 242
248 243
248 244
248 245
248 246
248 247
249 234
249 235
249 236
249 237
249 238
249 239
249 240
249 241
249 242
249 243
249 244
249 245
249 246
249 247
249 248
250 234
250 235
250 236
250 237
250 238
250 239
250 240
250 241
250 242
250 243
250 244
250 245
250 246
250 247
250 248
250 249
251 234
251 235
251 236
251 237
251 238
251 239
251 240
251 241
251 242
251 243
251 244
251 245
251 246
251 247
251 248
251 249
250 251
252 234
252 235
252 236
252 237
252 238
252 239
252 240
252 241
252 242
252 243
252 244
252 245
252 246
252 247
252 248
252 249
252 250
252 251
253 236
253 237
253 238
253 239
253 240
253 241
253 242
253 243
253 244
253 245
253 246
253 247
253 248
253 249
253 250
253 251
253 252
254 237
254 238
254 239
254 240
254 241
254 242
254 243
254 244
254 245
254 246
254 247
254 248
254 249
254 250
254 251
254 252
254 253
255 237
255 238
255 239
255 240
255 241
255 242
255 243
255 244
255 245
255 246
255 247
255 248
255 249
255 250
255 251
255 252
255 253
254 255
256 237
256 238
256 239
256 240
256 241
256 242
256 243
256 244
256 245
256 246
256 247
256 248
256 249
256 250
256 251
256 252
256 253
256 254
256 255
257 238
257 239
257 240
257 241
257 242
257 243
257 244
257 245
257 246
257 247
257 248
257 249
257 250
257 251
257 252
257 253
257 254
257 255
257 256
258 242
258 243
258 244
258 245
258 246
258 247
258 248
258 249
258 250
258 251
258 252
258 253
258 254
258 255
258 256
258 257
259 248
259 249
259 250
259 251
259 252
259 253
259 254
259 255
259 256
259 257
259 258
260 250
260 251
260 252
260 253
260 254
260 255
260 256
260 257
260 258
260 259
261 250
261 251
261 252
261 253
261 254
261 255
261 256
261 257
261 258
261 259
261 260
262 250
262 251
262 252
262 253
262 254
262 255
262 256
262 257
262 258
262 259
262 260
261 262
263 257
263 258
263 259
263 260
263 261
263 262
264 258
264 259
264 260
264 261
264 262
264 263
265 258
265 259
265 260
265 261
265 262
265 263
265 264
266 258
266 259
266 260
266 261
266 262
266 263
266 264
265 266
267 259
267 260
267 261
267 262
267 263
267 264
267 265
267 266
268 259
268 260
268 261
268 262
268 263
268 264
268 265
268 266
267 268
269 259
269 260
269 261
269 262
269 263
269 264
269 265
269 266
269 267
269 268
270 259
270 260
270 261
270 262
270 263
270 264
270 265
270 266
270 267
270 268
269 270
271 259
271 260
271 261
271 262
271 263
271 264
271 265
271 266
271 267
271 268
271 269
271 270
272 260
272 261
272 262
272 263
272 264
272 265
272 266
272 267
272 268
272 269
272 270
272 271
273 260
273 261
273 262
273 263
273 264
273 265
273 266
273 267
273 268
273 269
273 270
273 271
273 272
274 263
274 264
274 265
274 266
274 267
274 268
274 269
274 270
274 271
274 272
274 273
275 263
275 264
275 265
275 266
275 267
275 268
275 269
275 270
275 271
275 272
275 273
275 274
276 263
276 264
276 265
276 266
276 267
276 268
276 269
276 270
276 272
276 273
276 274
276 275
277 263
277 264
277 265
277 266
277 267
277 268
277 269
277 270
277 271
277 272
277 273
277 274
277 275
278 263
278 264
278 265
278 266
278 267
278 268
278 269
278 270
278 271
278 272
278 273
278 274
278 275
278 276
278 277
279 263
279 264
279 265
279 266
279 267
279 268
279 269
279 270
279 271
279 272
279 273
279 274
279 275
279 276
279 277
279 278
280 264
280 265
280 266
280 267
280 268
280 269
280 270
280 271
280 272
280 273
280 274
280 275
280 277
280 278
280 279
281 264
281 265
281 266
281 267
281 268
281 269
281 270
281 271
281 272
281 273
281 274
281 275
281 277
281 278
281 279
280 281
282 264
282 265
282 266
282 267
282 268
282 269
282 270
282 271
282 274
282 275
282 277
282 278
282 279
282 280
282 281
283 264
283 265
283 266
283 267
283 268
283 269
283 270
283 271
283 272
283 273
283 274
283 275
283 276
283 277
283 278
283 279
283 280
283 281
282 283
284 264
284 265
284 266
284 267
284 268
284 269
284 270
284 271
284 272
284 273
284 274
284 275
284 276
284 277
284 278
284 279
284 280
284 281
284 282
284 283
285 265
285 266
285 267
285 268
285 269
285 270
285 271
285 272
285 273
285 274
285 275
285 276
285 277
285 278
285 279
285 280
285 282
285 283
285 284
286 267
286 268
286 269
286 270
286 271
286 272
286 273
286 274
286 275
286 276
286 277
286 278
286 279
286 280
286 281
286 282
286 283
286 284
286 285
287 269
287 270
287 271
287 273
287 274
287 275
287 277
287 278
287 279
287 280
287 281
287 282
287 283
287 285
287 286
288 271
288 272
288 273
288 274
288 275
288 277
288 278
288 279
288 280
288 281
288 282
288 283
288 284
288 285
288 286
288 287
289 273
289 274
289 275
289 277
289 278
289 279
289 280
289 281
289 282
289 283
289 285
289 286
289 287
289 288
290 278
290 279
290 280
290 281
290 282
290 283
290 284
290 285
290 286
290 287
290 288
290 289
291 280
291 281
291 282
291 283
291 284
291 285
291 286
291 287
291 288
291 289
291 290
292 284
292 285
292 286
292 288
292 290
292 291
293 285
293 286
293 287
293 288
293 289
293 290
293 291
293 292
294 286
294 287
294 288
294 289
294 290
294 291
294 292
294 293
295 286
295 287
295 288
295 289
295 290
295 291
295 292
295 293
294 295
296 290
296 291
296 292
296 293
296 294
296 295
297 290
297 291
297 292
297 293
297 294
297 295
297 296
298 291
298 292
298 293
298 294
298 295
298 296
298 297
299 293
299 294
299 295
299 296
299 297
299 298
300 294
300 295
300 296
300 297
300 298
300 299
301 296
301 297
301 298
301 299
301 300
302 296
302 297
302 298
302 299
302 300
302 301
303 296
303 297
303 298
303 299
303 300
303 301
303 302
304 296
304 297
304 298
304 299
304 300
304 301
304 302
304 303
305 296
305 297
305 298
305 299
305 300
305 301
305 302
305 303
305 304
306 296
306 297
306 298
306 299
306 300
306 301
306 302
306 303
306 304
306 305
307 299
307 300
307 301
307 302
307 303
307 304
307 305
307 306
308 299
308 300
308 301
308 302
308 303
308 304
308 305
308 306
308 307
309 299
309 300
309 301
309 302
309 303
309 304
309 305
309 306
309 307
309 308
310 303
310 304
310 305
310 306
310 307
310 308
310 309
311 306
311 307
311 308
311 309
311 310
312 307
312 308
312 309
312 310
312 311
313 307
313 308
313 309
313 310
313 311
313 312
314 310
314 311
314 312
314 313
315 310
315 311
315 312
315 313
315 314
316 313
316 314
316 315
317 314
317 315
317 316
318 314
318 315
318 316
317 318
319 314
319 315
319 316
319 317
319 318
320 315
320 316
320 317
320 318
320 319
321 316
321 317
321 318
321 319
321 320
322 316
322 317
322 318
322 319
322 320
323 316
323 317
323 318
323 319
323 320
321 322
321 323
322 323
324 316
324 317
324 318
324 319
324 320
324 321
324 322
324 323
325 316
325 317
325 318
325 320
325 321
325 322
325 323
324 325
326 316
326 317
326 318
326 319
326 320
326 321
326 322
326 323
326 324
326 325
327 321
327 322
327 323
327 324
327 325
327 326
