0 1
0 3
0 4
0 6
0 7
0 8
0 9
0 10
0 11
0 12
0 13
0 14
0 15
0 16
0 17
0 18
0 20
0 21
0 22
0 23
0 24
0 25
0 26
0 27
0 28
0 29
0 30
0 31
0 32
1 2
1 3
1 4
1 5
1 6
1 7
1 8
1 9
1 10
1 11
1 12
1 13
1 14
1 15
1 16
1 17
1 18
1 19
1 20
1 21
1 22
1 23
1 24
1 25
1 26
1 27
1 28
1 29
1 30
1 31
1 32
2 4
2 5
2 6
2 7
2 8
2 9
2 10
2 11
2 12
2 13
2 14
2 15
2 17
2 19
2 20
2 21
2 22
2 23
2 24
2 25
2 26
2 27
2 28
2 29
2 30
2 31
2 32
3 4
3 6
3 7
3 9
3 10
3 13
3 14
3 15
3 16
3 17
3 18
3 20
3 21
3 22
3 23
3 24
3 25
3 26
3 27
3 28
3 29
3 30
3 31
3 32
4 5
4 6
4 7
4 8
4 9
4 10
4 11
4 12
4 13
4 14
4 15
4 17
4 18
4 19
4 20
4 21
4 22
4 23
4 24
4 25
4 26
4 27
4 28
4 29
4 30
4 31
4 32
5 6
5 7
5 8
5 9
5 10
5 11
5 12
5 13
5 14
5 15
5 17
5 18
5 19
5 20
5 21
5 22
5 23
5 24
5 25
5 26
5 27
5 28
5 29
5 30
5 31
5 32
6 7
6 8
6 9
6 10
6 11
6 12
6 13
6 14
6 15
6 16
6 17
6 18
6 19
6 20
6 21
6 22
6 23
6 24
6 25
6 26
6 27
6 28
6 29
6 30
6 31
6 32
7 8
7 9
7 10
7 11
7 12
7 13
7 14
7 15
7 16
7 17
7 18
7 19
7 20
7 21
7 22
7 23
7 24
7 25
7 26
7 27
7 28
7 29
7 30
7 31
7 32
8 9
8 10
8 11
8 12
8 13
8 14
8 15
8 17
8 19
8 20
8 21
8 22
8 23
8 24
8 25
8 26
8 27
8 28
8 29
8 30
8 31
8 32
9 10
9 11
9 12
9 13
9 14
9 15
9 16
9 17
9 18
9 19
9 20
9 21
9 22
9 23
9 24
9 25
9 26
9 27
9 28
9 29
9 30
9 31
9 32
10 11
10 12
10 13
10 14
10 15
10 16
10 17
10 18
10 19
10 20
10 21
10 22
10 23
10 24
10 25
10 26
10 27
10 28
10 29
10 30
10 31
10 32
11 12
11 13
11 14
11 15
11 17
11 19
11 20
11 21
11 22
11 23
11 24
11 25
11 26
11 27
11 28
11 29
11 30
11 31
11 32
12 13
12 14
12 15
12 17
12 19
12 20
12 21
12 22
12 23
12 24
12 25
12 26
12 27
12 28
12 29
12 30
12 31
12 32
13 14
13 15
13 16
13 17
13 18
13 20
13 21
13 22
13 23
13 24
13 25
13 26
13 27
13 28
13 29
13 30
13 31
13 32
14 15
14 16
14 17
14 18
14 19
14 20
14 21
14 22
14 23
14 24
14 25
14 26
14 27
14 28
14 29
14 30
14 31
14 32
15 16
15 17
15 18
15 19
15 20
15 21
15 22
15 23
15 24
15 25
15 26
15 27
15 28
15 29
15 30
15 31
15 32
16 18
16 20
16 21
16 22
16 23
16 24
16 26
16 27
16 30
16 31
16 32
17 18
17 19
17 20
17 21
17 22
17 23
17 24
17 25
17 26
17 27
17 28
17 29
17 30
17 31
17 32
18 20
18 21
18 22
18 23
18 24
18 25
18 26
18 27
18 28
18 29
18 30
18 31
18 32
19 20
19 21
19 22
19 23
19 24
19 25
19 26
19 27
19 28
19 29
19 30
19 31
19 32
20 21
20 22
20 23
20 24
20 25
20 26
20 27
20 28
20 29
20 30
20 31
20 32
21 22
21 23
21 24
21 25
21 26
21 27
21 28
21 29
21 30
21 31
21 32
22 23
22 24
22 25
22 26
22 27
22 28
22 29
22 30
22 31
22 32
23 24
23 25
23 26
23 27
23 28
23 29
23 30
23 31
23 32
24 25
24 26
24 27
24 28
24 29
24 30
24 31
24 32
25 26
25 27
25 28
25 29
25 30
25 31
25 32
26 27
26 28
26 29
26 30
26 31
26 32
27 28
27 29
27 30
27 31
27 32
28 29
28 30
28 31
28 32
29 30
29 31
29 32
30 31
30 32
31 32
33 0
33 1
33 2
33 3
33 4
33 5
33 6
33 7
33 8
33 9
33 10
33 11
33 12
33 13
33 14
33 15
33 16
33 17
33 18
33 20
33 21
33 22
33 23
33 24
33 25
33 26
33 27
33 28
33 29
33 30
33 31
33 32
34 0
34 1
34 2
34 3
34 4
34 5
34 6
34 7
34 8
34 9
34 10
34 11
34 12
34 13
34 14
34 15
34 16
34 17
34 18
34 19
34 20
34 21
34 22
34 23
34 24
34 25
34 26
34 27
34 28
34 29
34 30
34 31
34 32
35 0
35 1
35 2
35 3
35 4
35 5
35 6
35 7
35 8
35 9
35 10
35 11
35 12
35 13
35 14
35 15
35 17
35 18
35 19
35 20
35 21
35 22
35 23
35 24
35 25
35 26
35 27
35 28
35 29
35 30
35 31
35 32
36 0
36 1
36 2
36 3
36 4
36 5
36 6
36 7
36 8
36 9
36 10
36 11
36 12
36 13
36 14
36 15
36 16
36 17
36 18
36 19
36 20
36 21
36 22
36 23
36 24
36 25
36 26
36 27
36 28
36 29
36 30
36 31
36 32
37 0
37 1
37 3
37 4
37 6
37 7
37 9
37 10
37 13
37 14
37 15
37 16
37 17
37 18
37 20
37 21
37 22
37 23
37 24
37 25
37 26
37 27
37 28
37 29
37 30
37 31
37 32
38 0
38 1
38 2
38 3
38 4
38 5
38 6
38 7
38 9
38 10
38 13
38 14
38 15
38 16
38 17
38 18
38 20
38 21
38 22
38 23
38 24
38 25
38 26
38 27
38 28
38 29
38 30
38 31
38 32
39 0
39 1
39 2
39 4
39 5
39 6
39 8
39 9
39 10
39 11
39 12
39 14
39 15
39 17
39 19
39 20
39 21
39 22
39 23
39 25
39 26
39 27
39 28
39 29
39 30
39 31
39 32
33 34
33 35
33 36
33 37
33 38
34 35
34 36
34 37
34 38
34 39
35 36
35 37
35 38
35 39
36 37
36 38
36 39
37 38
40 0
40 1
40 2
40 4
40 5
40 6
40 7
40 8
40 9
40 10
40 11
40 12
40 14
40 15
40 17
40 19
40 20
40 21
40 22
40 23
40 24
40 25
40 26
40 27
40 28
40 29
40 30
40 31
40 32
40 34
40 35
40 36
40 39
41 1
41 2
41 4
41 5
41 6
41 8
41 9
41 10
41 11
41 12
41 14
41 15
41 17
41 19
41 20
41 21
41 23
41 25
41 26
41 27
41 28
41 29
41 30
41 31
41 32
41 34
41 35
41 36
41 39
41 40
42 0
42 1
42 2
42 3
42 4
42 5
42 6
42 7
42 8
42 9
42 10
42 11
42 12
42 13
42 14
42 15
42 16
42 17
42 18
42 19
42 20
42 21
42 22
42 23
42 24
42 25
42 26
42 27
42 28
42 29
42 30
42 31
42 32
42 33
42 34
42 35
42 36
42 37
42 38
42 39
42 40
43 1
43 2
43 4
43 5
43 6
43 8
43 9
43 10
43 11
43 12
43 14
43 15
43 17
43 19
43 20
43 21
43 23
43 25
43 26
43 27
43 28
43 29
43 30
43 31
43 32
43 34
43 35
43 36
43 39
43 40
41 42
41 43
42 43
44 0
44 1
44 3
44 7
44 9
44 13
44 14
44 15
44 16
44 17
44 18
44 20
44 22
44 23
44 24
44 26
44 27
44 30
44 31
44 32
44 33
44 37
44 38
44 42
45 0
45 1
45 2
45 4
45 5
45 6
45 7
45 8
45 9
45 10
45 11
45 12
45 14
45 15
45 17
45 19
45 20
45 21
45 22
45 23
45 24
45 25
45 26
45 27
45 28
45 29
45 30
45 31
45 32
45 34
45 35
45 36
45 39
45 40
45 41
45 42
45 43
46 0
46 1
46 2
46 3
46 4
46 5
46 6
46 7
46 8
46 9
46 10
46 11
46 13
46 14
46 15
46 16
46 17
46 18
46 20
46 21
46 22
46 23
46 24
46 25
46 26
46 27
46 28
46 29
46 30
46 31
46 32
46 33
46 34
46 35
46 36
46 37
46 38
46 42
46 44
47 0
47 1
47 2
47 4
47 5
47 6
47 7
47 8
47 9
47 10
47 11
47 12
47 14
47 15
47 17
47 19
47 20
47 21
47 22
47 23
47 24
47 25
47 26
47 27
47 28
47 29
47 30
47 31
47 32
47 34
47 35
47 36
47 39
47 40
47 41
47 42
47 43
47 45
48 0
48 1
48 2
48 4
48 5
48 6
48 8
48 9
48 10
48 11
48 12
48 14
48 15
48 17
48 19
48 20
48 21
48 22
48 23
48 25
48 26
48 27
48 28
48 29
48 30
48 31
48 32
48 34
48 35
48 36
48 39
48 40
48 41
48 42
48 43
48 45
47 48
49 1
49 2
49 4
49 5
49 6
49 8
49 10
49 11
49 12
49 15
49 17
49 19
49 20
49 21
49 23
49 25
49 26
49 27
49 28
49 29
49 30
49 31
49 32
49 34
49 35
49 36
49 39
49 40
49 41
49 42
49 43
49 45
49 47
49 48
50 0
50 1
50 2
50 3
50 4
50 5
50 6
50 7
50 8
50 9
50 10
50 11
50 12
50 13
50 14
50 15
50 17
50 18
50 19
50 20
50 21
50 22
50 23
50 24
50 25
50 26
50 27
50 28
50 29
50 30
50 31
50 32
50 33
50 34
50 35
50 36
50 37
50 38
50 39
50 40
50 41
50 42
50 43
50 45
50 46
50 47
50 48
51 0
51 1
51 2
51 4
51 5
51 6
51 8
51 9
51 10
51 11
51 12
51 14
51 15
51 17
51 19
51 20
51 21
51 22
51 23
51 25
51 26
51 27
51 28
51 29
51 30
51 31
51 32
51 34
51 35
51 36
51 39
51 40
51 41
51 42
51 43
51 45
51 47
51 48
49 50
49 51
50 51
52 0
52 1
52 2
52 3
52 4
52 5
52 6
52 7
52 8
52 9
52 10
52 11
52 12
52 13
52 14
52 15
52 16
52 17
52 18
52 19
52 20
52 21
52 22
52 23
52 24
52 25
52 26
52 27
52 28
52 29
52 30
52 31
52 32
52 33
52 34
52 35
52 36
52 37
52 38
52 39
52 40
52 41
52 42
52 43
52 45
52 46
52 47
52 48
52 49
52 50
52 51
53 0
53 1
53 2
53 4
53 5
53 6
53 7
53 8
53 9
53 10
53 11
53 12
53 14
53 15
53 17
53 19
53 20
53 21
53 22
53 23
53 24
53 25
53 26
53 27
53 28
53 29
53 30
53 31
53 32
53 34
53 35
53 36
53 39
53 40
53 41
53 42
53 43
53 45
53 47
53 48
53 49
53 50
53 51
53 52
54 0
54 1
54 2
54 3
54 4
54 5
54 6
54 7
54 8
54 9
54 10
54 11
54 12
54 13
54 14
54 15
54 17
54 18
54 19
54 20
54 21
54 22
54 23
54 24
54 25
54 26
54 27
54 28
54 29
54 30
54 31
54 32
54 33
54 34
54 35
54 36
54 37
54 39
54 40
54 41
54 42
54 43
54 45
54 47
54 48
54 49
54 50
54 51
54 52
54 53
55 1
55 2
55 4
55 5
55 6
55 7
55 8
55 9
55 10
55 11
55 12
55 14
55 15
55 17
55 19
55 20
55 21
55 22
55 23
55 24
55 25
55 26
55 27
55 28
55 29
55 30
55 31
55 32
55 34
55 35
55 36
55 39
55 40
55 41
55 42
55 43
55 45
55 47
55 48
55 49
55 50
55 51
55 52
55 53
55 54
56 0
56 1
56 2
56 4
56 5
56 6
56 8
56 9
56 10
56 11
56 12
56 14
56 15
56 17
56 19
56 20
56 21
56 22
56 23
56 25
56 26
56 27
56 28
56 29
56 30
56 31
56 32
56 34
56 35
56 36
56 39
56 40
56 41
56 42
56 43
56 45
56 47
56 48
56 49
56 50
56 51
56 52
56 53
56 54
57 0
57 1
57 2
57 3
57 4
57 5
57 6
57 7
57 8
57 9
57 10
57 11
57 12
57 13
57 14
57 15
57 16
57 17
57 18
57 19
57 20
57 21
57 22
57 23
57 24
57 25
57 26
57 27
57 28
57 29
57 30
57 31
57 32
57 33
57 34
57 35
57 36
57 37
57 38
57 39
57 40
57 41
57 42
57 43
57 45
57 46
57 47
57 48
57 49
57 50
57 51
57 52
57 53
57 54
55 56
55 57
56 57
58 0
58 1
58 2
58 4
58 5
58 6
58 7
58 8
58 9
58 10
58 11
58 12
58 13
58 14
58 15
58 17
58 19
58 20
58 21
58 22
58 23
58 24
58 25
58 26
58 27
58 28
58 29
58 30
58 31
58 32
58 34
58 35
58 36
58 39
58 40
58 41
58 42
58 43
58 45
58 47
58 48
58 49
58 50
58 51
58 52
58 53
58 54
58 55
58 56
58 57
59 1
59 2
59 4
59 5
59 6
59 7
59 8
59 9
59 10
59 11
59 12
59 14
59 15
59 17
59 19
59 20
59 21
59 22
59 23
59 24
59 25
59 26
59 27
59 28
59 29
59 30
59 31
59 32
59 34
59 35
59 36
59 39
59 40
59 41
59 42
59 43
59 45
59 47
59 48
59 49
59 50
59 51
59 52
59 53
59 54
59 55
59 56
59 57
58 59
60 1
60 2
60 4
60 5
60 6
60 8
60 9
60 10
60 11
60 12
60 14
60 15
60 17
60 19
60 20
60 21
60 22
60 23
60 25
60 26
60 27
60 28
60 29
60 30
60 31
60 32
60 34
60 35
60 36
60 39
60 40
60 41
60 42
60 43
60 45
60 47
60 48
60 49
60 50
60 51
60 52
60 53
60 54
60 55
60 56
60 57
60 58
60 59
61 0
61 1
61 2
61 4
61 5
61 6
61 7
61 8
61 9
61 10
61 11
61 12
61 13
61 14
61 15
61 17
61 19
61 20
61 21
61 22
61 23
61 24
61 25
61 26
61 27
61 28
61 29
61 30
61 31
61 32
61 34
61 35
61 36
61 39
61 40
61 41
61 42
61 43
61 45
61 47
61 48
61 49
61 50
61 51
61 52
61 53
61 54
61 55
61 56
61 57
61 58
61 59
61 60
62 1
62 2
62 4
62 5
62 6
62 7
62 8
62 9
62 10
62 11
62 12
62 13
62 14
62 15
62 17
62 19
62 20
62 21
62 22
62 23
62 24
62 25
62 26
62 27
62 28
62 29
62 30
62 31
62 32
62 33
62 34
62 35
62 36
62 38
62 39
62 40
62 41
62 42
62 43
62 45
62 46
62 47
62 48
62 49
62 50
62 51
62 52
62 53
62 54
62 55
62 56
62 57
62 58
62 59
62 60
62 61
63 1
63 2
63 4
63 5
63 6
63 8
63 9
63 10
63 11
63 12
63 14
63 15
63 17
63 19
63 20
63 21
63 23
63 25
63 26
63 27
63 28
63 29
63 30
63 31
63 32
63 34
63 35
63 36
63 39
63 40
63 41
63 42
63 43
63 45
63 47
63 48
63 49
63 50
63 51
63 52
63 53
63 54
63 55
63 56
63 57
63 58
63 59
63 60
63 61
63 62
64 34
64 35
64 36
64 39
64 40
64 41
64 42
64 43
64 45
64 47
64 48
64 49
64 50
64 51
64 52
64 53
64 54
64 55
64 56
64 57
64 58
64 59
64 60
64 61
64 62
64 63
65 34
65 35
65 36
65 39
65 40
65 41
65 42
65 43
65 45
65 47
65 48
65 49
65 50
65 51
65 52
65 53
65 54
65 55
65 56
65 57
65 58
65 59
65 60
65 61
65 62
65 63
64 65
66 40
66 41
66 42
66 43
66 45
66 47
66 48
66 49
66 50
66 51
66 52
66 53
66 54
66 55
66 56
66 57
66 58
66 59
66 60
66 61
66 62
66 63
66 64
66 65
67 40
67 41
67 42
67 43
67 45
67 47
67 48
67 49
67 50
67 51
67 52
67 53
67 54
67 55
67 56
67 57
67 58
67 59
67 60
67 61
67 62
67 63
67 64
67 65
66 67
68 41
68 42
68 43
68 45
68 46
68 47
68 48
68 49
68 50
68 51
68 52
68 53
68 54
68 55
68 56
68 57
68 58
68 59
68 60
68 61
68 62
68 63
68 64
68 65
68 66
68 67
69 47
69 48
69 49
69 50
69 51
69 52
69 53
69 54
69 55
69 56
69 57
69 58
69 59
69 60
69 61
69 62
69 63
69 64
69 65
69 66
69 67
69 68
70 47
70 48
70 49
70 50
70 51
70 52
70 53
70 54
70 55
70 56
70 57
70 58
70 59
70 60
70 61
70 62
70 63
70 64
70 65
70 66
70 67
70 68
69 70
71 52
71 53
71 54
71 55
71 56
71 57
71 58
71 59
71 60
71 61
71 63
71 64
71 65
71 66
71 67
71 68
71 69
71 70
72 52
72 53
72 54
72 55
72 56
72 57
72 58
72 59
72 60
72 61
72 62
72 63
72 64
72 65
72 66
72 67
72 68
72 69
72 70
72 71
73 52
73 53
73 54
73 55
73 56
73 57
73 58
73 59
73 60
73 61
73 62
73 63
73 64
73 65
73 66
73 67
73 68
73 69
73 70
73 71
72 73
74 53
74 54
74 55
74 56
74 57
74 58
74 59
74 60
74 61
74 62
74 63
74 64
74 65
74 66
74 67
74 68
74 69
74 70
74 71
74 72
74 73
75 53
75 54
75 55
75 56
75 57
75 58
75 59
75 60
75 61
75 62
75 63
75 64
75 65
75 66
75 67
75 68
75 69
75 70
75 71
75 72
75 73
74 75
76 53
76 54
76 55
76 56
76 57
76 58
76 59
76 60
76 61
76 62
76 63
76 64
76 65
76 66
76 67
76 68
76 69
76 70
76 71
76 72
76 73
76 74
76 75
77 54
77 55
77 56
77 57
77 58
77 59
77 60
77 61
77 62
77 63
77 64
77 65
77 66
77 67
77 68
77 69
77 70
77 71
77 72
77 73
77 74
77 75
77 76
78 54
78 55
78 56
78 57
78 58
78 59
78 60
78 61
78 62
78 63
78 64
78 65
78 66
78 67
78 68
78 69
78 70
78 71
78 72
78 73
78 74
78 75
78 76
78 77
79 55
79 56
79 57
79 58
79 59
79 60
79 61
79 62
79 63
79 64
79 65
79 66
79 67
79 68
79 69
79 70
79 72
79 73
79 74
79 75
79 76
79 77
79 78
80 58
80 59
80 60
80 61
80 62
80 63
80 64
80 65
80 66
80 67
80 68
80 69
80 70
80 71
80 72
80 73
80 74
80 75
80 76
80 77
80 78
80 79
81 58
81 59
81 60
81 61
81 62
81 63
81 64
81 65
81 66
81 67
81 68
81 69
81 70
81 71
81 72
81 73
81 74
81 75
81 76
81 77
81 78
81 79
80 81
82 58
82 59
82 60
82 61
82 62
82 63
82 64
82 65
82 66
82 67
82 68
82 69
82 70
82 71
82 72
82 73
82 74
82 75
82 76
82 77
82 78
82 79
82 80
82 81
83 58
83 59
83 60
83 61
83 62
83 63
83 64
83 65
83 66
83 67
83 68
83 69
83 70
83 71
83 72
83 73
83 74
83 75
83 76
83 77
83 78
83 79
83 80
83 81
82 83
84 58
84 59
84 60
84 61
84 62
84 63
84 64
84 65
84 66
84 67
84 68
84 69
84 70
84 72
84 73
84 74
84 75
84 76
84 77
84 78
84 79
84 80
84 81
84 82
84 83
85 60
85 61
85 62
85 63
85 64
85 65
85 66
85 67
85 68
85 69
85 70
85 71
85 72
85 73
85 74
85 75
85 76
85 77
85 78
85 79
85 80
85 81
85 82
85 83
85 84
86 60
86 61
86 62
86 63
86 64
86 65
86 66
86 67
86 68
86 69
86 70
86 71
86 72
86 73
86 74
86 75
86 76
86 77
86 78
86 79
86 80
86 81
86 82
86 83
86 84
87 60
87 61
87 62
87 63
87 64
87 65
87 66
87 67
87 68
87 69
87 70
87 72
87 73
87 74
87 75
87 76
87 77
87 78
87 79
87 80
87 81
87 82
87 83
87 84
85 86
85 87
86 87
88 63
88 64
88 65
88 66
88 67
88 68
88 69
88 70
88 71
88 72
88 73
88 74
88 75
88 76
88 77
88 78
88 79
88 80
88 81
88 82
88 83
88 84
88 85
88 86
88 87
89 68
89 69
89 70
89 71
89 72
89 73
89 74
89 75
89 76
89 77
89 78
89 79
89 80
89 81
89 82
89 83
89 84
89 85
89 86
89 87
89 88
90 68
90 69
90 70
90 71
90 72
90 73
90 74
90 75
90 76
90 77
90 78
90 79
90 80
90 81
90 82
90 83
90 84
90 85
90 86
90 87
90 88
90 89
91 68
91 70
91 71
91 72
91 73
91 74
91 75
91 76
91 77
91 78
91 79
91 80
91 81
91 82
91 84
91 85
91 86
91 87
91 88
91 89
90 91
92 69
92 70
92 71
92 72
92 73
92 74
92 75
92 76
92 77
92 78
92 79
92 80
92 81
92 82
92 83
92 84
92 85
92 86
92 87
92 88
92 89
92 90
92 91
93 69
93 70
93 71
93 72
93 73
93 74
93 75
93 76
93 77
93 78
93 79
93 80
93 81
93 82
93 83
93 84
93 85
93 86
93 87
93 88
93 89
93 90
93 91
93 92
94 71
94 72
94 73
94 74
94 75
94 76
94 77
94 78
94 79
94 80
94 81
94 82
94 83
94 84
94 85
94 86
94 87
94 88
94 89
94 90
94 91
94 92
94 93
95 74
95 75
95 76
95 77
95 78
95 79
95 80
95 81
95 82
95 83
95 84
95 85
95 86
95 87
95 88
95 89
95 90
95 91
95 92
95 93
95 94
96 80
96 82
96 84
96 86
96 87
96 88
96 89
96 90
96 91
96 92
96 93
96 94
96 95
97 80
97 81
97 82
97 83
97 84
97 85
97 86
97 87
97 88
97 89
97 90
97 91
97 92
97 93
97 94
97 95
97 96
98 80
98 81
98 82
98 83
98 84
98 85
98 86
98 87
98 88
98 89
98 90
98 91
98 92
98 93
98 94
98 95
98 96
99 80
99 81
99 82
99 83
99 84
99 85
99 86
99 87
99 88
99 89
99 90
99 92
99 93
99 94
99 95
97 98
97 99
98 99
100 84
100 85
100 86
100 87
100 88
100 89
100 90
100 91
100 92
100 93
100 94
100 95
100 96
100 97
100 98
100 99
101 88
101 89
101 90
101 91
101 92
101 93
101 94
101 95
101 97
101 98
101 99
101 100
102 88
102 89
102 90
102 91
102 92
102 93
102 94
102 95
102 96
102 97
102 98
102 99
102 100
102 101
103 88
103 89
103 90
103 91
103 92
103 93
103 94
103 95
103 97
103 98
103 99
103 100
103 101
103 102
104 89
104 90
104 92
104 93
104 94
104 95
104 97
104 98
104 99
104 101
104 102
104 103
105 89
105 90
105 91
105 92
105 93
105 94
105 95
105 96
105 97
105 98
105 99
105 100
105 101
105 102
105 103
104 105
106 89
106 90
106 91
106 92
106 93
106 94
106 95
106 96
106 97
106 98
106 99
106 100
106 102
106 104
106 105
107 92
107 93
107 94
107 95
107 96
107 97
107 98
107 99
107 100
107 101
107 102
107 104
107 105
107 106
108 93
108 94
108 95
108 96
108 97
108 98
108 99
108 100
108 101
108 102
108 103
108 104
108 105
108 106
108 107
109 94
109 95
109 96
109 97
109 98
109 99
109 100
109 101
109 102
109 103
109 105
109 106
109 107
109 108
110 95
110 96
110 97
110 98
110 99
110 100
110 101
110 102
110 103
110 104
110 105
110 106
110 107
110 108
110 109
111 96
111 97
111 98
111 100
111 102
111 105
111 106
111 107
111 108
111 109
111 110
112 98
112 100
112 101
112 103
112 105
112 109
112 111
113 97
113 98
113 99
113 100
113 101
113 102
113 103
113 104
113 105
113 106
113 107
113 108
113 109
113 110
113 111
114 100
114 101
114 102
114 103
114 104
114 105
114 106
114 107
114 108
114 109
114 110
114 111
114 113
115 100
115 101
115 102
115 103
115 104
115 105
115 106
115 107
115 108
115 109
115 110
115 111
115 112
115 113
114 115
116 101
116 102
116 103
116 104
116 105
116 106
116 107
116 108
116 109
116 110
116 111
116 113
116 114
116 115
117 101
117 102
117 103
117 104
117 105
117 106
117 107
117 108
117 109
117 110
117 111
117 113
117 114
117 115
118 101
118 102
118 103
118 104
118 105
118 106
118 107
118 108
118 109
118 110
118 111
118 113
118 114
118 115
116 117
116 118
117 118
119 102
119 103
119 104
119 105
119 106
119 107
119 108
119 109
119 110
119 111
119 113
119 114
119 115
119 116
119 117
119 118
120 104
120 105
120 106
120 107
120 108
120 109
120 110
120 111
120 113
120 114
120 115
120 116
120 117
120 118
120 119
121 106
121 107
121 108
121 110
121 113
121 114
121 115
121 116
121 117
121 118
121 119
121 120
122 107
122 108
122 109
122 110
122 111
122 113
122 114
122 115
122 116
122 117
122 118
122 119
122 120
122 121
123 107
123 108
123 109
123 110
123 111
123 112
123 113
123 114
123 115
123 116
123 117
123 118
123 119
123 120
123 121
123 122
124 107
124 108
124 109
124 110
124 113
124 114
124 115
124 116
124 117
124 118
124 119
124 120
124 121
124 122
123 124
125 108
125 109
125 110
125 111
125 112
125 113
125 114
125 115
125 116
125 117
125 118
125 119
125 120
125 121
125 122
125 123
125 124
126 108
126 109
126 110
126 113
126 114
126 115
126 116
126 117
126 118
126 119
126 120
126 121
126 122
126 123
126 124
126 125
127 108
127 109
127 110
127 111
127 113
127 114
127 115
127 116
127 117
127 118
127 119
127 120
127 121
127 122
127 123
127 124
127 125
126 127
128 109
128 110
128 111
128 113
128 114
128 115
128 116
128 117
128 118
128 119
128 120
128 121
128 122
128 123
128 124
128 125
128 126
128 127
129 109
129 110
129 111
129 112
129 113
129 115
129 116
129 118
129 123
129 125
128 129
130 110
130 111
130 113
130 114
130 115
130 116
130 117
130 118
130 119
130 120
130 121
130 122
130 123
130 124
130 125
130 126
130 127
130 128
131 110
131 113
131 114
131 115
131 116
131 117
131 118
131 119
131 120
131 121
131 122
131 123
131 124
131 125
131 126
131 127
131 128
130 131
132 110
132 111
132 113
132 114
132 115
132 116
132 117
132 118
132 119
132 120
132 121
132 122
132 123
132 124
132 125
132 126
132 127
132 128
132 129
132 130
132 131
133 111
133 112
133 113
133 114
133 115
133 116
133 117
133 118
133 119
133 120
133 121
133 122
133 123
133 124
133 125
133 126
133 127
133 128
133 129
133 130
133 131
133 132
134 111
134 113
134 114
134 115
134 116
134 117
134 118
134 119
134 120
134 121
134 122
134 123
134 124
134 125
134 126
134 127
134 128
134 130
134 131
134 132
134 133
135 113
135 114
135 115
135 116
135 117
135 118
135 119
135 120
135 121
135 122
135 123
135 124
135 125
135 126
135 127
135 128
135 130
135 131
135 132
135 133
134 135
136 113
136 114
136 115
136 116
136 117
136 118
136 119
136 120
136 121
136 122
136 123
136 124
136 125
136 126
136 127
136 128
136 130
136 131
136 132
136 133
136 134
136 135
137 116
137 117
137 118
137 119
137 120
137 121
137 123
137 124
137 125
137 126
137 127
137 128
137 129
137 130
137 131
137 132
137 133
137 134
137 135
137 136
138 119
138 120
138 121
138 122
138 123
138 124
138 125
138 126
138 127
138 128
138 130
138 131
138 132
138 133
138 134
138 135
138 136
138 137
139 120
139 121
139 122
139 123
139 124
139 125
139 126
139 127
139 128
139 130
139 131
139 132
139 133
139 134
139 135
139 136
139 137
139 138
140 121
140 122
140 123
140 124
140 125
140 126
140 127
140 128
140 129
140 130
140 131
140 132
140 133
140 134
140 135
140 136
140 137
140 138
140 139
141 122
141 123
141 124
141 125
141 126
141 127
141 128
141 129
141 130
141 131
141 132
141 133
141 134
141 135
141 136
141 137
141 138
141 139
141 140
142 122
142 123
142 124
142 125
142 126
142 127
142 128
142 129
142 130
142 131
142 132
142 133
142 134
142 135
142 136
142 137
142 138
142 139
142 140
141 142
143 123
143 124
143 125
143 126
143 127
143 128
143 129
143 130
143 131
143 132
143 133
143 134
143 135
143 136
143 137
143 138
143 139
143 140
143 141
143 142
144 125
144 126
144 127
144 128
144 129
144 130
144 131
144 132
144 133
144 134
144 135
144 136
144 137
144 138
144 139
144 140
144 141
144 142
144 143
145 132
145 133
145 134
145 135
145 136
145 137
145 138
145 139
145 140
145 141
145 142
145 143
145 144
146 133
146 134
146 135
146 136
146 137
146 138
146 139
146 140
146 141
146 142
146 143
146 144
146 145
147 133
147 134
147 135
147 136
147 137
147 138
147 139
147 140
147 141
147 142
147 143
147 144
147 145
146 147
148 133
148 134
148 135
148 136
148 137
148 138
148 139
148 140
148 141
148 142
148 143
148 144
148 145
148 146
148 147
149 133
149 134
149 135
149 136
149 137
149 138
149 139
149 140
149 141
149 142
149 143
149 144
149 145
149 146
149 147
149 148
150 134
150 135
150 136
150 137
150 138
150 139
150 140
150 141
150 142
150 143
150 144
150 145
150 146
150 147
150 148
150 149
151 134
151 135
151 136
151 137
151 138
151 139
151 140
151 141
151 142
151 143
151 144
151 145
151 146
151 147
151 148
151 149
150 151
152 136
152 137
152 138
152 139
152 140
152 141
152 142
152 143
152 144
152 145
152 146
152 147
152 148
152 149
152 150
152 151
153 137
153 138
153 139
153 140
153 141
153 142
153 143
153 144
153 145
153 146
153 147
153 148
153 149
153 150
153 151
153 152
154 137
154 138
154 139
154 140
154 141
154 142
154 143
154 144
154 145
154 146
154 147
154 148
154 149
154 150
154 151
154 152
154 153
155 137
155 138
155 139
155 140
155 141
155 142
155 143
155 144
155 145
155 146
155 147
155 148
155 149
155 150
155 151
155 152
155 153
155 154
156 139
156 140
156 141
156 142
156 143
156 144
156 145
156 146
156 147
156 148
156 149
156 150
156 151
156 152
156 153
156 154
156 155
157 139
157 140
157 141
157 142
157 143
157 144
157 145
157 146
157 147
157 148
157 149
157 150
157 151
157 152
157 153
157 154
157 155
156 157
158 140
158 141
158 142
158 143
158 144
158 145
158 146
158 148
158 149
158 150
158 151
158 152
158 153
158 154
158 155
158 156
158 157
159 140
159 141
159 142
159 143
159 144
159 145
159 146
159 147
159 148
159 149
159 150
159 151
159 152
159 153
159 154
159 155
159 156
159 157
159 158
160 140
160 141
160 142
160 143
160 144
160 145
160 146
160 147
160 148
160 149
160 150
160 151
160 152
160 153
160 154
160 155
160 156
160 157
160 158
161 140
161 141
161 142
161 143
161 144
161 145
161 146
161 147
161 148
161 149
161 150
161 151
161 152
161 153
161 154
161 155
161 156
161 157
161 158
159 160
159 161
160 161
162 141
162 142
162 143
162 144
162 145
162 146
162 147
162 148
162 149
162 150
162 151
162 152
162 153
162 154
162 155
162 156
162 157
162 158
162 159
162 160
162 161
163 141
163 142
163 143
163 144
163 145
163 146
163 147
163 148
163 149
163 150
163 151
163 152
163 153
163 154
163 155
163 156
163 157
163 158
163 159
163 160
163 161
162 163
164 144
164 145
164 146
164 147
164 148
164 149
164 150
164 151
164 152
164 153
164 154
164 155
164 156
164 157
164 158
164 159
164 160
164 161
164 162
164 163
165 149
165 150
165 151
165 152
165 153
165 154
165 155
165 156
165 157
165 158
165 159
165 160
165 161
165 162
165 163
165 164
166 152
166 153
166 154
166 155
166 156
166 157
166 158
166 159
166 160
166 161
166 162
166 163
166 164
166 165
167 152
167 153
167 154
167 155
167 156
167 157
167 158
167 159
167 160
167 161
167 162
167 163
167 164
167 165
167 166
168 153
168 154
168 155
168 156
168 157
168 158
168 159
168 160
168 161
168 162
168 163
168 164
168 165
168 166
168 167
169 153
169 154
169 155
169 156
169 157
169 158
169 159
169 160
169 161
169 162
169 163
169 164
169 165
169 166
169 167
168 169
170 154
170 155
170 156
170 157
170 158
170 159
170 160
170 161
170 162
170 163
170 164
170 165
170 166
170 167
170 168
170 169
171 154
171 155
171 156
171 157
171 158
171 159
171 160
171 161
171 162
171 163
171 164
171 165
171 166
171 167
171 168
171 169
170 171
172 155
172 156
172 157
172 158
172 159
172 160
172 161
172 162
172 163
172 164
172 165
172 166
172 167
172 168
172 169
172 170
172 171
173 156
173 157
173 158
173 159
173 160
173 161
173 162
173 163
173 164
173 165
173 166
173 167
173 168
173 169
173 170
173 171
173 172
174 158
174 159
174 160
174 161
174 162
174 163
174 164
174 165
174 166
174 167
174 168
174 169
174 170
174 171
174 172
174 173
175 162
175 163
175 164
175 165
175 166
175 167
175 168
175 169
175 170
175 171
175 172
175 173
175 174
176 162
176 163
176 164
176 165
176 166
176 167
176 168
176 169
176 170
176 171
176 172
176 173
176 174
176 175
177 162
177 163
177 164
177 165
177 166
177 167
177 168
177 169
177 170
177 171
177 172
177 173
177 174
177 175
176 177
178 165
178 166
178 167
178 168
178 169
178 170
178 171
178 172
178 173
178 174
178 175
178 176
178 177
179 165
179 166
179 167
179 168
179 169
179 170
179 171
179 172
179 173
179 174
179 175
179 176
179 177
179 178
180 167
180 168
180 169
180 170
180 171
180 172
180 173
180 174
180 175
180 176
180 177
180 178
180 179
181 175
181 176
181 177
181 178
181 179
181 180
182 178
182 179
182 180
182 181
183 180
183 181
184 180
184 181
184 182
183 184
185 180
185 181
185 182
185 183
185 184
186 181
186 182
186 183
186 184
186 185
187 181
187 182
187 184
187 185
187 186
188 181
188 182
188 183
188 184
188 185
188 186
188 187
189 181
189 182
189 183
189 184
189 185
189 186
189 187
188 189
190 183
190 184
190 185
190 186
190 188
191 181
191 182
191 183
191 184
191 185
191 186
191 187
191 188
191 189
192 182
192 183
192 184
192 185
192 186
192 187
192 188
192 189
192 190
192 191
193 182
193 183
193 184
193 185
193 186
193 187
193 188
193 189
193 190
193 191
192 193
194 182
194 183
194 184
194 185
194 186
194 187
194 188
194 189
194 190
194 191
194 192
194 193
195 182
195 183
195 184
195 185
195 186
195 187
195 188
195 189
195 190
195 191
195 192
195 193
195 194
196 182
196 183
196 184
196 185
196 186
196 187
196 188
196 189
196 190
196 191
196 192
196 193
196 194
196 195
197 183
197 184
197 185
197 186
197 187
197 188
197 189
197 191
197 192
197 193
197 194
197 195
197 196
198 183
198 184
198 185
198 186
198 187
198 188
198 189
198 190
198 191
198 192
198 193
198 194
198 195
198 196
197 198
199 183
199 184
199 185
199 186
199 187
199 188
199 189
199 190
199 191
199 192
199 193
199 194
199 195
199 196
199 197
199 198
200 187
200 188
200 189
200 190
200 191
200 192
200 193
200 194
200 195
200 196
200 197
200 198
200 199
201 186
201 187
201 188
201 189
201 191
201 192
201 193
201 194
201 195
201 196
201 197
201 198
201 199
201 200
202 186
202 187
202 188
202 189
202 191
202 192
202 193
202 194
202 195
202 196
202 197
202 198
202 199
202 200
201 202
203 188
203 189
203 191
203 192
203 193
203 194
203 195
203 196
203 197
203 198
203 199
203 200
203 201
203 202
204 192
204 193
204 194
204 195
204 196
204 198
204 199
204 200
204 201
204 202
204 203
205 192
205 193
205 194
205 195
205 196
205 197
205 198
205 199
205 200
205 201
205 202
205 203
205 204
206 200
206 202
206 203
206 204
206 205
207 200
207 201
207 202
207 203
207 204
207 205
206 207
208 204
208 206
208 207
209 210
211 209
211 210
212 209
212 210
211 212
213 209
213 210
213 211
213 212
214 209
214 210
214 211
214 212
213 214
215 209
215 210
215 211
215 212
215 213
215 214
216 209
216 210
216 211
216 212
216 213
216 214
216 215
217 209
217 210
217 211
217 212
217 213
217 214
217 215
216 217
218 209
218 210
218 211
218 212
218 213
218 214
218 215
218 216
218 217
219 209
219 210
219 211
219 212
219 213
219 214
219 215
219 216
219 217
219 218
220 209
220 210
220 211
220 212
220 213
220 214
220 215
220 216
220 217
220 218
219 220
221 209
221 210
221 211
221 212
221 213
221 214
221 215
221 216
221 217
221 218
221 219
221 220
222 209
222 214
222 215
222 216
222 219
222 220
221 222
223 209
223 210
223 211
223 212
223 213
223 214
223 215
223 216
223 217
223 218
223 219
223 220
223 221
223 222
224 209
224 210
224 211
224 212
224 213
224 214
224 215
224 216
224 217
224 218
224 219
224 220
224 221
224 222
224 223
225 209
225 210
225 211
225 212
225 213
225 214
225 215
225 216
225 217
225 218
225 219
225 220
225 221
225 222
225 223
225 224
226 209
226 210
226 211
226 212
226 213
226 214
226 215
226 216
226 217
226 218
226 219
226 220
226 221
226 222
226 223
226 224
225 226
227 213
227 214
227 215
227 216
227 217
227 218
227 219
227 220
227 221
227 222
227 223
227 224
227 225
227 226
228 213
228 214
228 215
228 216
228 217
228 218
228 219
228 220
228 221
228 222
228 223
228 224
228 225
228 226
228 227
229 215
229 216
229 217
229 218
229 219
229 220
229 221
229 223
229 224
229 225
229 226
229 227
229 228
230 216
230 217
230 218
230 219
230 220
230 221
230 223
230 224
230 225
230 226
230 227
230 228
230 229
231 218
231 219
231 220
231 221
231 222
231 223
231 224
231 225
231 226
231 227
231 228
231 229
231 230
232 218
232 219
232 220
232 221
232 222
232 223
232 224
232 225
232 226
232 227
232 228
232 229
232 230
232 231
233 218
233 219
233 220
233 221
233 222
233 223
233 224
233 225
233 226
233 227
233 228
233 229
233 230
233 231
233 232
234 219
234 220
234 221
234 222
234 223
234 224
234 225
234 226
234 227
234 228
234 229
234 230
234 231
234 232
234 233
235 219
235 220
235 221
235 222
235 223
235 224
235 225
235 226
235 227
235 228
235 229
235 230
235 231
235 232
235 233
236 219
236 220
236 221
236 222
236 223
236 224
236 225
236 226
236 227
236 228
236 229
236 230
236 231
236 232
236 233
234 235
234 236
235 236
237 223
237 224
237 225
237 226
237 227
237 228
237 229
237 230
237 231
237 232
237 233
237 234
237 235
237 236
238 223
238 224
238 225
238 226
238 227
238 228
238 229
238 230
238 231
238 232
238 233
238 234
238 235
238 236
238 237
239 225
239 226
239 227
239 228
239 229
239 230
239 231
239 232
239 233
239 234
239 235
239 236
239 237
239 238
240 228
240 233
240 234
240 235
240 237
240 238
240 239
241 230
241 231
241 233
241 234
241 235
241 236
241 237
241 238
241 239
241 240
242 229
242 230
242 231
242 232
242 233
242 234
242 235
242 236
242 237
242 238
242 239
243 229
243 230
243 231
243 232
243 233
243 234
243 235
243 236
243 237
243 238
243 239
242 243
244 234
244 235
244 236
244 237
244 238
244 239
244 240
244 241
244 242
244 243
245 237
245 238
245 239
245 240
245 241
245 242
245 243
245 244
246 237
246 238
246 239
246 242
246 243
246 244
246 245
247 239
247 240
247 241
247 242
247 243
247 244
247 245
247 246
248 239
248 240
248 241
248 242
248 243
248 244
248 245
248 246
247 248
249 239
249 240
249 241
249 242
249 243
249 244
249 245
249 246
249 247
249 248
250 239
250 240
250 241
250 242
250 243
250 244
250 245
250 246
250 247
250 248
250 249
251 239
251 240
251 241
251 242
251 243
251 244
251 245
251 246
251 247
251 248
251 249
250 251
252 239
252 240
252 241
252 242
252 243
252 244
252 245
252 246
252 247
252 248
252 249
252 250
252 251
253 239
253 241
253 242
253 243
253 244
253 245
253 246
253 247
253 248
253 249
253 250
253 251
253 252
254 242
254 243
254 244
254 245
254 246
254 247
254 248
254 249
254 250
254 251
254 252
254 253
255 241
255 242
255 243
255 244
255 245
255 246
255 247
255 248
255 249
255 250
255 251
255 252
255 253
255 254
256 241
256 242
256 243
256 244
256 245
256 246
256 247
256 248
256 249
256 250
256 251
256 252
256 253
256 254
255 256
257 242
257 243
257 244
257 245
257 246
257 247
257 248
257 249
257 250
257 251
257 252
257 253
257 254
257 255
257 256
258 241
258 242
258 243
258 244
258 245
258 246
258 247
258 248
258 249
258 250
258 251
258 252
258 253
258 254
258 255
258 256
259 242
259 243
259 244
259 245
259 246
259 247
259 248
259 249
259 250
259 251
259 252
259 253
259 254
259 255
259 256
259 257
259 258
260 241
260 242
260 243
260 244
260 245
260 246
260 247
260 248
260 249
260 250
260 251
260 252
260 253
260 254
260 255
260 256
260 257
260 258
260 259
261 244
261 245
261 246
261 247
261 248
261 249
261 250
261 251
261 252
261 253
261 254
261 255
261 256
261 257
261 258
261 259
261 260
262 244
262 245
262 246
262 247
262 248
262 249
262 250
262 251
262 252
262 253
262 254
262 255
262 256
262 257
262 258
262 259
262 260
262 261
263 246
263 247
263 248
263 249
263 250
263 251
263 252
263 253
263 254
263 255
263 256
263 257
263 258
263 259
263 260
263 261
263 262
264 246
264 247
264 248
264 249
264 250
264 251
264 252
264 253
264 254
264 255
264 256
264 257
264 258
264 259
264 260
264 261
264 262
263 264
265 249
265 250
265 251
265 252
265 253
265 254
265 255
265 256
265 257
265 258
265 259
265 260
265 261
265 262
265 263
265 264
266 250
266 251
266 252
266 253
266 254
266 255
266 256
266 257
266 258
266 259
266 260
266 261
266 262
266 263
266 264
266 265
267 250
267 251
267 252
267 253
267 254
267 255
267 256
267 257
267 258
267 259
267 260
267 261
267 262
267 263
267 264
267 265
267 266
268 252
268 253
268 254
268 255
268 256
268 257
268 258
268 259
268 260
268 261
268 262
268 263
268 264
268 265
268 266
268 267
269 253
269 255
269 256
269 257
269 259
269 260
269 261
269 262
269 263
269 264
269 265
269 266
269 267
270 253
270 254
270 255
270 256
270 257
270 258
270 259
270 260
270 261
270 262
270 263
270 264
270 265
270 266
270 267
270 268
270 269
271 253
271 254
271 255
271 256
271 257
271 258
271 259
271 260
271 261
271 262
271 263
271 264
271 265
271 266
271 267
271 268
271 269
271 270
272 254
272 255
272 256
272 257
272 258
272 259
272 260
272 261
272 262
272 263
272 264
272 265
272 266
272 267
272 268
272 269
272 270
272 271
273 254
273 255
273 256
273 257
273 258
273 259
273 260
273 261
273 262
273 263
273 264
273 265
273 266
273 267
273 268
273 269
273 270
273 271
274 254
274 255
274 256
274 257
274 258
274 259
274 260
274 261
274 262
274 263
274 264
274 265
274 266
274 267
274 268
274 269
274 270
274 271
272 273
272 274
273 274
275 255
275 256
275 257
275 258
275 259
275 260
275 261
275 262
275 263
275 264
275 265
275 266
275 267
275 268
275 270
275 271
275 272
275 273
275 274
276 257
276 258
276 259
276 260
276 261
276 262
276 263
276 264
276 265
276 266
276 267
276 268
276 269
276 270
276 271
276 272
276 273
276 274
276 275
277 258
277 259
277 260
277 261
277 262
277 263
277 264
277 265
277 266
277 267
277 268
277 269
277 270
277 271
277 272
277 273
277 274
277 275
277 276
278 259
278 260
278 261
278 262
278 263
278 264
278 265
278 266
278 267
278 268
278 270
278 271
278 272
278 273
278 274
278 275
278 276
278 277
279 261
279 262
279 263
279 264
279 265
279 266
279 267
279 268
279 269
279 270
279 271
279 272
279 273
279 274
279 275
279 276
279 277
279 278
280 262
280 263
280 264
280 265
280 266
280 267
280 268
280 269
280 270
280 271
280 272
280 273
280 274
280 275
280 276
280 277
280 278
280 279
281 263
281 264
281 265
281 266
281 267
281 268
281 269
281 270
281 271
281 272
281 273
281 274
281 275
281 276
281 277
281 278
281 279
281 280
282 263
282 265
282 267
282 268
282 270
282 271
282 272
282 273
282 275
282 276
282 277
282 278
282 281
283 263
283 264
283 265
283 266
283 267
283 268
283 269
283 270
283 271
283 272
283 273
283 274
283 275
283 276
283 277
283 278
283 279
283 280
283 281
283 282
284 263
284 264
284 265
284 266
284 267
284 268
284 270
284 271
284 272
284 273
284 274
284 275
284 276
284 277
284 278
284 279
284 280
284 281
284 282
283 284
285 263
285 265
285 266
285 267
285 268
285 269
285 270
285 271
285 272
285 273
285 274
285 275
285 276
285 277
285 278
285 279
285 280
285 281
285 282
285 283
285 284
286 263
286 264
286 265
286 266
286 267
286 268
286 269
286 270
286 271
286 272
286 273
286 274
286 275
286 276
286 277
286 278
286 279
286 280
286 281
286 283
286 284
287 263
287 264
287 265
287 266
287 267
287 268
287 270
287 271
287 272
287 273
287 274
287 275
287 276
287 277
287 278
287 279
287 280
287 281
287 282
287 283
287 284
287 285
287 286
288 265
288 267
288 268
288 272
288 275
288 276
288 277
288 278
288 281
288 282
288 283
288 284
288 285
288 287
289 265
289 266
289 267
289 268
289 269
289 270
289 271
289 272
289 273
289 274
289 275
289 276
289 277
289 278
289 279
289 280
289 281
289 283
289 284
289 285
289 286
289 287
290 265
290 266
290 267
290 268
290 269
290 270
290 271
290 272
290 273
290 274
290 275
290 276
290 277
290 278
290 279
290 280
290 281
290 282
290 283
290 284
290 285
290 286
290 287
290 288
290 289
291 265
291 266
291 267
291 268
291 269
291 270
291 271
291 272
291 273
291 274
291 275
291 276
291 277
291 278
291 279
291 280
291 281
291 283
291 284
291 286
291 287
291 289
290 291
292 266
292 267
292 268
292 269
292 270
292 271
292 272
292 273
292 274
292 275
292 276
292 277
292 278
292 279
292 280
292 281
292 282
292 283
292 284
292 285
292 286
292 287
292 288
292 289
292 290
292 291
293 266
293 267
293 268
293 269
293 270
293 271
293 272
293 273
293 274
293 275
293 276
293 277
293 278
293 279
293 280
293 281
293 282
293 283
293 284
293 285
293 286
293 287
293 288
293 289
293 290
293 291
292 293
294 268
294 269
294 270
294 271
294 272
294 273
294 274
294 275
294 276
294 277
294 278
294 279
294 280
294 281
294 282
294 283
294 284
294 285
294 286
294 287
294 288
294 289
294 290
294 291
294 292
294 293
295 275
295 276
295 277
295 278
295 279
295 280
295 281
295 282
295 283
295 284
295 285
295 286
295 287
295 288
295 289
295 290
295 291
295 292
295 293
295 294
296 275
296 276
296 277
296 278
296 279
296 280
296 281
296 283
296 284
296 285
296 286
296 287
296 289
296 290
296 291
296 292
296 293
296 294
295 296
297 275
297 276
297 277
297 278
297 279
297 280
297 281
297 282
297 283
297 284
297 285
297 286
297 287
297 288
297 289
297 290
297 291
297 292
297 293
297 294
297 295
297 296
298 276
298 277
298 278
298 279
298 280
298 281
298 282
298 283
298 284
298 285
298 286
298 287
298 288
298 289
298 290
298 291
298 292
298 293
298 294
298 295
298 296
298 297
299 276
299 277
299 278
299 279
299 280
299 281
299 282
299 283
299 284
299 285
299 286
299 287
299 288
299 289
299 290
299 291
299 292
299 293
299 294
299 295
299 296
299 297
300 276
300 277
300 278
300 279
300 280
300 281
300 282
300 283
300 284
300 285
300 286
300 287
300 289
300 290
300 291
300 292
300 293
300 294
300 295
300 296
300 297
298 299
298 300
299 300
301 277
301 278
301 279
301 280
301 281
301 283
301 284
301 285
301 286
301 287
301 289
301 290
301 291
301 292
301 293
301 294
301 295
301 296
301 297
301 298
301 299
301 300
302 277
302 278
302 279
302 280
302 281
302 282
302 283
302 284
302 285
302 286
302 287
302 288
302 289
302 290
302 291
302 292
302 293
302 294
302 295
302 296
302 297
302 298
302 299
302 300
301 302
303 278
303 279
303 280
303 281
303 283
303 284
303 285
303 286
303 287
303 289
303 290
303 291
303 292
303 293
303 294
303 295
303 296
303 297
303 298
303 299
303 300
303 301
303 302
304 278
304 279
304 280
304 281
304 282
304 283
304 284
304 285
304 286
304 287
304 288
304 289
304 290
304 291
304 292
304 293
304 294
304 295
304 296
304 297
304 298
304 299
304 300
304 301
304 302
304 303
305 278
305 279
305 280
305 281
305 283
305 284
305 285
305 286
305 287
305 289
305 290
305 291
305 292
305 293
305 294
305 295
305 296
305 297
305 298
305 299
305 300
305 301
305 302
305 303
305 304
306 279
306 280
306 281
306 283
306 284
306 285
306 286
306 287
306 289
306 290
306 291
306 292
306 293
306 294
306 295
306 296
306 297
306 298
306 299
306 300
306 301
306 302
306 303
306 304
306 305
307 280
307 281
307 282
307 283
307 284
307 285
307 286
307 287
307 288
307 289
307 290
307 291
307 292
307 293
307 294
307 295
307 296
307 297
307 298
307 299
307 300
307 301
307 302
307 303
307 304
307 305
307 306
308 280
308 281
308 283
308 284
308 285
308 286
308 288
308 289
308 290
308 291
308 292
308 293
308 294
308 295
308 296
308 297
308 298
308 299
308 300
308 301
308 302
308 303
308 304
308 305
308 306
307 308
309 280
309 281
309 282
309 283
309 284
309 285
309 286
309 287
309 289
309 290
309 291
309 292
309 293
309 294
309 295
309 296
309 297
309 298
309 299
309 300
309 301
309 302
309 303
309 304
309 305
309 306
309 307
309 308
310 280
310 281
310 283
310 284
310 286
310 287
310 289
310 290
310 291
310 292
310 293
310 294
310 295
310 296
310 297
310 298
310 299
310 300
310 301
310 302
310 303
310 304
310 305
310 306
310 307
310 308
309 310
311 281
311 283
311 284
311 285
311 286
311 287
311 289
311 290
311 291
311 292
311 293
311 294
311 295
311 296
311 297
311 298
311 299
311 300
311 301
311 302
311 303
311 304
311 305
311 306
311 307
311 308
311 309
311 310
312 282
312 283
312 284
312 285
312 286
312 287
312 288
312 289
312 290
312 291
312 292
312 293
312 294
312 295
312 296
312 297
312 298
312 299
312 300
312 301
312 302
312 303
312 304
312 305
312 306
312 307
312 308
312 309
312 310
312 311
313 283
313 284
313 285
313 286
313 287
313 288
313 289
313 290
313 291
313 292
313 293
313 294
313 295
313 296
313 297
313 298
313 299
313 300
313 301
313 302
313 303
313 304
313 305
313 306
313 307
313 308
313 309
313 310
313 311
313 312
314 283
314 284
314 285
314 286
314 287
314 288
314 289
314 290
314 291
314 292
314 293
314 294
314 295
314 296
314 297
314 298
314 299
314 300
314 301
314 302
314 303
314 304
314 305
314 306
314 307
314 308
314 309
314 310
314 311
314 312
313 314
315 287
315 288
315 289
315 290
315 291
315 292
315 293
315 294
315 295
315 296
315 297
315 298
315 299
315 300
315 301
315 302
315 303
315 304
315 305
315 306
315 307
315 308
315 309
315 310
315 311
315 312
315 313
315 314
316 288
316 289
316 290
316 291
316 292
316 293
316 294
316 295
316 296
316 297
316 298
316 299
316 300
316 301
316 302
316 303
316 304
316 305
316 306
316 307
316 308
316 309
316 310
316 311
316 312
316 313
316 314
316 315
317 289
317 290
317 291
317 292
317 293
317 294
317 295
317 296
317 297
317 298
317 299
317 300
317 301
317 302
317 303
317 304
317 305
317 306
317 307
317 308
317 309
317 310
317 311
317 312
317 313
317 314
317 315
316 317
318 290
318 291
318 292
318 293
318 294
318 295
318 296
318 297
318 298
318 299
318 302
318 303
318 304
318 305
318 306
318 307
318 308
318 309
318 311
318 312
318 313
318 314
318 315
319 292
319 293
319 294
319 295
319 296
319 297
319 298
319 299
319 300
319 301
319 302
319 303
319 304
319 305
319 306
319 307
319 309
319 310
319 311
319 312
319 313
319 314
319 315
319 316
319 317
320 292
320 293
320 294
320 295
320 296
320 297
320 298
320 299
320 300
320 301
320 302
320 303
320 304
320 305
320 306
320 307
320 308
320 309
320 310
320 311
320 312
320 313
320 314
320 315
320 316
320 317
320 318
321 294
321 295
321 296
321 297
321 298
321 299
321 300
321 301
321 302
321 303
321 304
321 305
321 306
321 307
321 308
321 309
321 310
321 311
321 312
321 313
321 314
321 315
321 316
321 317
321 318
321 319
321 320
322 294
322 295
322 296
322 297
322 298
322 299
322 300
322 301
322 302
322 303
322 304
322 305
322 306
322 307
322 308
322 309
322 310
322 311
322 312
322 313
322 314
322 315
322 316
322 317
322 318
322 319
322 320
322 321
323 295
323 296
323 297
323 298
323 299
323 300
323 301
323 302
323 303
323 304
323 305
323 306
323 307
323 308
323 309
323 310
323 311
323 312
323 313
323 314
323 315
323 316
323 317
323 318
323 319
323 320
323 321
323 322
324 295
324 296
324 297
324 298
324 299
324 300
324 301
324 302
324 303
324 304
324 305
324 306
324 307
324 308
324 309
324 310
324 311
324 312
324 313
324 314
324 315
324 316
324 317
324 318
324 319
324 320
324 321
324 322
324 323
325 297
325 298
325 299
325 300
325 301
325 302
325 303
325 304
325 305
325 306
325 307
325 308
325 309
325 310
325 311
325 312
325 313
325 314
325 315
325 316
325 317
325 319
325 320
325 321
325 322
325 323
325 324
326 298
326 299
326 300
326 301
326 302
326 303
326 304
326 305
326 306
326 307
326 308
326 309
326 310
326 311
326 312
326 313
326 314
326 315
326 316
326 317
326 318
326 319
326 320
326 321
326 322
326 323
326 324
326 325
327 301
327 302
327 303
327 304
327 305
327 306
327 307
327 308
327 309
327 310
327 311
327 312
327 313
327 314
327 315
327 316
327 317
327 318
327 319
327 320
327 321
327 322
327 323
327 324
327 325
327 326
328 301
328 302
328 303
328 304
328 305
328 306
328 307
328 308
328 309
328 310
328 311
328 312
328 313
328 314
328 315
328 316
328 317
328 318
328 319
328 320
328 321
328 322
328 323
328 324
328 325
328 326
329 301
329 302
329 303
329 304
329 305
329 306
329 307
329 308
329 309
329 310
329 311
329 312
329 313
329 314
329 315
329 316
329 317
329 319
329 320
329 321
329 322
329 323
329 324
329 325
329 326
330 301
330 302
330 303
330 304
330 305
330 306
330 307
330 308
330 309
330 310
330 311
330 312
330 313
330 314
330 315
330 316
330 317
330 318
330 320
330 321
330 322
330 323
330 324
330 325
330 326
327 328
327 329
327 330
328 329
328 330
329 330
331 303
331 304
331 305
331 306
331 307
331 308
331 309
331 310
331 311
331 312
331 313
331 314
331 315
331 316
331 317
331 319
331 320
331 321
331 322
331 323
331 324
331 325
331 326
331 327
331 328
331 329
331 330
332 303
332 304
332 305
332 306
332 307
332 308
332 309
332 310
332 311
332 312
332 313
332 314
332 315
332 316
332 317
332 319
332 320
332 321
332 322
332 323
332 324
332 325
332 326
332 327
332 328
332 329
332 330
331 332
333 304
333 305
333 306
333 307
333 308
333 309
333 310
333 311
333 312
333 313
333 314
333 315
333 316
333 317
333 318
333 319
333 320
333 321
333 322
333 323
333 324
333 325
333 326
333 327
333 328
333 329
333 330
333 331
333 332
334 306
334 307
334 308
334 309
334 310
334 311
334 312
334 313
334 314
334 315
334 316
334 317
334 319
334 320
334 321
334 322
334 323
334 324
334 325
334 326
334 327
334 328
334 329
334 330
334 331
334 332
334 333
335 306
335 307
335 308
335 309
335 310
335 311
335 312
335 313
335 314
335 315
335 316
335 317
335 318
335 319
335 320
335 321
335 322
335 323
335 324
335 325
335 326
335 327
335 328
335 329
335 330
335 331
335 332
335 333
335 334
336 307
336 308
336 309
336 310
336 311
336 312
336 313
336 314
336 315
336 316
336 317
336 318
336 319
336 320
336 321
336 322
336 323
336 324
336 325
336 326
336 327
336 328
336 329
336 330
336 331
336 332
336 333
336 334
336 335
337 311
337 312
337 313
337 314
337 315
337 316
337 317
337 318
337 319
337 320
337 321
337 322
337 323
337 324
337 325
337 326
337 327
337 328
337 329
337 330
337 331
337 332
337 333
337 334
337 335
337 336
338 311
338 312
338 313
338 314
338 315
338 316
338 317
338 318
338 319
338 320
338 321
338 322
338 323
338 324
338 325
338 326
338 327
338 328
338 329
338 330
338 331
338 332
338 333
338 334
338 335
338 336
337 338
339 312
339 313
339 314
339 315
339 316
339 317
339 318
339 319
339 320
339 321
339 322
339 323
339 324
339 325
339 326
339 327
339 328
339 329
339 330
339 331
339 332
339 333
339 334
339 335
339 336
339 337
339 338
340 312
340 313
340 314
340 315
340 316
340 317
340 319
340 320
340 321
340 322
340 323
340 324
340 325
340 326
340 327
340 328
340 329
340 330
340 331
340 332
340 333
340 334
340 335
340 336
340 337
340 338
340 339
341 312
341 313
341 314
341 315
341 316
341 317
341 319
341 320
341 321
341 322
341 323
341 324
341 325
341 326
341 327
341 328
341 329
341 330
341 331
341 332
341 333
341 334
341 335
341 336
341 337
341 338
341 339
340 341
342 313
342 314
342 315
342 316
342 317
342 319
342 321
342 322
342 323
342 324
342 325
342 326
342 327
342 328
342 329
342 331
342 332
342 333
342 334
342 335
342 336
342 337
342 338
342 339
342 340
342 341
343 315
343 316
343 317
343 318
343 319
343 320
343 321
343 322
343 323
343 324
343 325
343 326
343 327
343 328
343 329
343 330
343 331
343 332
343 333
343 334
343 335
343 336
343 337
343 338
343 339
343 340
343 341
343 342
344 315
344 316
344 317
344 318
344 319
344 320
344 321
344 322
344 323
344 324
344 325
344 326
344 327
344 328
344 329
344 330
344 331
344 332
344 333
344 334
344 335
344 336
344 337
344 338
344 339
344 340
344 341
344 342
343 344
345 316
345 317
345 319
345 320
345 321
345 322
345 323
345 324
345 325
345 326
345 327
345 328
345 329
345 330
345 331
345 332
345 333
345 334
345 335
345 336
345 337
345 338
345 339
345 340
345 341
345 342
345 343
345 344
346 318
346 320
346 321
346 322
346 323
346 324
346 325
346 326
346 327
346 328
346 329
346 330
346 331
346 332
346 333
346 334
346 335
346 336
346 337
346 338
346 339
346 341
346 343
346 344
346 345
347 319
347 320
347 321
347 322
347 323
347 324
347 325
347 326
347 327
347 328
347 329
347 330
347 331
347 332
347 333
347 334
347 335
347 336
347 337
347 338
347 339
347 340
347 341
347 342
347 343
347 344
347 345
347 346
348 319
348 320
348 321
348 322
348 323
348 324
348 325
348 326
348 327
348 328
348 329
348 330
348 331
348 332
348 333
348 334
348 335
348 336
348 337
348 338
348 339
348 340
348 341
348 342
348 343
348 344
348 345
348 346
348 347
349 319
349 320
349 321
349 322
349 323
349 324
349 325
349 326
349 327
349 328
349 329
349 330
349 331
349 332
349 333
349 334
349 335
349 336
349 337
349 338
349 339
349 340
349 341
349 342
349 343
349 344
349 345
349 346
349 347
348 349
350 320
350 321
350 322
350 323
350 324
350 325
350 326
350 327
350 328
350 329
350 330
350 331
350 332
350 333
350 334
350 335
350 336
350 337
350 338
350 339
350 340
350 341
350 342
350 343
350 344
350 345
350 346
350 347
350 348
350 349
351 320
351 321
351 322
351 323
351 324
351 325
351 326
351 327
351 328
351 329
351 330
351 331
351 332
351 333
351 334
351 335
351 336
351 337
351 338
351 339
351 340
351 341
351 342
351 343
351 344
351 345
351 346
351 347
351 348
351 349
350 351
352 323
352 324
352 325
352 326
352 327
352 328
352 329
352 330
352 331
352 332
352 333
352 334
352 335
352 336
352 337
352 338
352 339
352 340
352 341
352 342
352 343
352 344
352 345
352 346
352 347
352 348
352 349
352 350
352 351
353 324
353 325
353 326
353 327
353 328
353 329
353 330
353 331
353 332
353 333
353 334
353 335
353 336
353 337
353 338
353 339
353 340
353 341
353 342
353 343
353 344
353 345
353 346
353 347
353 348
353 349
353 350
353 351
353 352
354 325
354 326
354 327
354 328
354 329
354 330
354 331
354 332
354 333
354 334
354 335
354 336
354 337
354 338
354 339
354 340
354 341
354 342
354 343
354 344
354 345
354 346
354 347
354 348
354 349
354 350
354 351
354 352
354 353
355 326
355 327
355 328
355 329
355 330
355 331
355 332
355 333
355 334
355 335
355 336
355 337
355 338
355 339
355 340
355 341
355 342
355 343
355 344
355 345
355 346
355 347
355 348
355 349
355 350
355 351
355 352
355 353
355 354
356 327
356 328
356 329
356 330
356 331
356 332
356 333
356 334
356 335
356 336
356 337
356 338
356 339
356 340
356 341
356 342
356 343
356 344
356 345
356 346
356 347
356 348
356 349
356 350
356 351
356 352
356 353
356 354
356 355
357 333
357 334
357 335
357 336
357 337
357 338
357 339
357 340
357 341
357 342
357 343
357 344
357 345
357 346
357 347
357 348
357 349
357 350
357 351
357 352
357 353
357 354
357 355
357 356
358 334
358 335
358 336
358 337
358 338
358 339
358 340
358 341
358 342
358 343
358 344
358 345
358 346
358 347
358 348
358 349
358 350
358 351
358 352
358 353
358 354
358 355
358 356
358 357
359 334
359 335
359 336
359 337
359 338
359 339
359 340
359 341
359 342
359 343
359 344
359 345
359 346
359 347
359 348
359 349
359 350
359 351
359 352
359 353
359 354
359 355
359 356
359 357
358 359
360 335
360 336
360 337
360 338
360 339
360 340
360 341
360 342
360 343
360 344
360 345
360 346
360 347
360 348
360 349
360 350
360 351
360 352
360 353
360 354
360 355
360 356
360 357
360 358
360 359
361 337
361 338
361 339
361 340
361 341
361 342
361 343
361 344
361 345
361 346
361 347
361 348
361 349
361 350
361 351
361 352
361 353
361 354
361 355
361 356
361 357
361 358
361 359
361 360
362 337
362 338
362 339
362 340
362 341
362 342
362 343
362 344
362 345
362 346
362 347
362 348
362 349
362 350
362 351
362 352
362 353
362 354
362 355
362 356
362 357
362 358
362 359
362 360
362 361
363 337
363 338
363 339
363 340
363 341
363 343
363 344
363 345
363 346
363 347
363 348
363 349
363 350
363 351
363 352
363 353
363 354
363 355
363 356
363 357
363 358
363 359
363 360
363 361
362 363
364 340
364 341
364 342
364 343
364 344
364 345
364 346
364 347
364 348
364 349
364 350
364 351
364 352
364 353
364 354
364 355
364 356
364 357
364 358
364 359
364 360
364 361
364 362
364 363
365 342
365 343
365 344
365 345
365 346
365 347
365 348
365 349
365 350
365 351
365 352
365 353
365 354
365 355
365 356
365 357
365 358
365 359
365 360
365 361
365 362
365 363
365 364
366 342
366 343
366 344
366 345
366 346
366 347
366 348
366 349
366 350
366 351
366 352
366 353
366 354
366 355
366 356
366 357
366 358
366 359
366 360
366 361
366 362
366 363
366 364
367 342
367 343
367 344
367 345
367 346
367 347
367 348
367 349
367 350
367 351
367 352
367 353
367 354
367 355
367 356
367 357
367 358
367 359
367 360
367 361
367 362
367 363
367 364
365 366
365 367
366 367
368 343
368 344
368 345
368 346
368 347
368 348
368 349
368 350
368 351
368 352
368 353
368 354
368 355
368 356
368 357
368 358
368 359
368 360
368 361
368 362
368 363
368 364
368 365
368 366
368 367
369 345
369 350
369 351
369 352
369 353
369 355
369 356
369 357
369 358
369 360
369 362
369 365
369 366
369 367
370 345
370 346
370 347
370 348
370 349
370 350
370 351
370 352
370 353
370 354
370 355
370 356
370 357
370 358
370 359
370 360
370 361
370 362
370 363
370 364
370 365
370 366
370 367
370 368
370 369
371 345
371 346
371 347
371 348
371 349
371 350
371 351
371 352
371 353
371 354
371 355
371 356
371 357
371 358
371 359
371 360
371 361
371 362
371 363
371 364
371 365
371 366
371 367
371 368
370 371
372 345
372 346
372 347
372 348
372 349
372 350
372 351
372 352
372 353
372 354
372 355
372 356
372 357
372 358
372 359
372 360
372 361
372 362
372 363
372 364
372 365
372 366
372 367
372 368
372 369
372 370
372 371
373 345
373 346
373 347
373 348
373 349
373 350
373 351
373 352
373 353
373 354
373 355
373 356
373 357
373 358
373 359
373 360
373 361
373 362
373 363
373 364
373 365
373 366
373 367
373 368
373 370
373 371
372 373
374 347
374 348
374 349
374 350
374 351
374 352
374 353
374 354
374 355
374 356
374 357
374 358
374 359
374 360
374 361
374 362
374 363
374 364
374 365
374 366
374 367
374 368
374 369
374 370
374 371
374 372
374 373
375 347
375 348
375 349
375 350
375 351
375 352
375 353
375 354
375 355
375 356
375 357
375 358
375 359
375 360
375 361
375 362
375 363
375 364
375 365
375 366
375 367
375 368
375 369
375 370
375 371
375 372
375 373
374 375
376 348
376 349
376 350
376 351
376 352
376 353
376 354
376 355
376 356
376 357
376 358
376 359
376 360
376 361
376 362
376 363
376 364
376 365
376 366
376 367
376 368
376 370
376 371
376 372
376 373
376 374
376 375
377 352
377 353
377 354
377 355
377 356
377 357
377 358
377 359
377 360
377 361
377 362
377 363
377 364
377 365
377 366
377 367
377 368
377 369
377 370
377 371
377 372
377 373
377 374
377 375
377 376
378 352
378 353
378 354
378 355
378 356
378 357
378 358
378 359
378 360
378 361
378 362
378 363
378 364
378 365
378 366
378 367
378 368
378 370
378 371
378 372
378 373
378 374
378 375
378 376
377 378
379 352
379 353
379 354
379 355
379 356
379 357
379 358
379 359
379 360
379 361
379 362
379 363
379 364
379 365
379 366
379 367
379 368
379 369
379 370
379 371
379 372
379 373
379 374
379 375
379 376
379 377
379 378
380 352
380 353
380 354
380 355
380 356
380 357
380 358
380 359
380 360
380 361
380 362
380 363
380 364
380 365
380 366
380 367
380 368
380 370
380 371
380 372
380 373
380 374
380 375
380 376
380 377
380 378
379 380
381 353
381 354
381 355
381 356
381 357
381 358
381 359
381 360
381 361
381 362
381 363
381 364
381 365
381 366
381 367
381 368
381 369
381 370
381 371
381 372
381 373
381 374
381 375
381 376
381 377
381 378
381 379
381 380
382 353
382 354
382 355
382 356
382 357
382 358
382 359
382 360
382 361
382 362
382 363
382 364
382 365
382 366
382 367
382 368
382 369
382 370
382 371
382 372
382 373
382 374
382 375
382 376
382 377
382 378
382 379
382 380
383 353
383 354
383 355
383 356
383 357
383 358
383 359
383 360
383 361
383 362
383 363
383 364
383 365
383 366
383 367
383 368
383 369
383 370
383 371
383 372
383 373
383 374
383 375
383 376
383 377
383 378
383 379
383 380
381 382
381 383
382 383
384 354
384 355
384 356
384 357
384 358
384 359
384 360
384 361
384 362
384 363
384 364
384 365
384 366
384 367
384 368
384 369
384 370
384 371
384 372
384 373
384 374
384 375
384 376
384 377
384 378
384 379
384 380
384 381
384 382
384 383
385 355
385 356
385 357
385 358
385 359
385 360
385 361
385 362
385 363
385 364
385 365
385 366
385 367
385 368
385 369
385 370
385 371
385 372
385 373
385 374
385 375
385 376
385 377
385 378
385 379
385 380
385 381
385 382
385 383
385 384
386 356
386 357
386 358
386 359
386 360
386 361
386 362
386 363
386 364
386 365
386 366
386 367
386 368
386 369
386 370
386 371
386 372
386 373
386 374
386 375
386 376
386 377
386 378
386 379
386 380
386 381
386 382
386 383
386 384
386 385
387 356
387 357
387 358
387 359
387 360
387 361
387 362
387 363
387 364
387 365
387 366
387 367
387 368
387 370
387 371
387 372
387 373
387 374
387 375
387 376
387 377
387 378
387 379
387 380
387 381
387 382
387 383
387 384
387 385
388 356
388 357
388 358
388 359
388 360
388 361
388 362
388 363
388 364
388 365
388 366
388 367
388 368
388 370
388 371
388 372
388 373
388 374
388 375
388 376
388 377
388 378
388 379
388 380
388 381
388 382
388 383
388 384
388 385
386 387
386 388
387 388
389 357
389 358
389 359
389 360
389 361
389 362
389 363
389 364
389 365
389 366
389 367
389 368
389 370
389 371
389 372
389 373
389 374
389 375
389 376
389 377
389 378
389 379
389 380
389 381
389 382
389 383
389 384
389 385
389 386
389 387
389 388
390 357
390 358
390 359
390 360
390 361
390 362
390 363
390 364
390 365
390 366
390 367
390 368
390 370
390 371
390 372
390 373
390 374
390 375
390 376
390 377
390 378
390 379
390 380
390 381
390 382
390 383
390 384
390 385
390 386
390 387
390 388
391 357
391 358
391 359
391 360
391 361
391 362
391 363
391 364
391 365
391 366
391 367
391 368
391 370
391 371
391 372
391 373
391 374
391 375
391 376
391 377
391 378
391 379
391 380
391 381
391 382
391 383
391 384
391 385
391 386
391 387
391 388
389 390
389 391
390 391
392 358
392 359
392 360
392 361
392 362
392 363
392 364
392 365
392 366
392 367
392 368
392 369
392 370
392 371
392 372
392 373
392 374
392 375
392 376
392 377
392 378
392 379
392 380
392 381
392 382
392 383
392 384
392 385
392 386
392 387
392 388
392 389
392 390
392 391
393 362
393 363
393 364
393 365
393 366
393 367
393 368
393 370
393 371
393 372
393 373
393 374
393 375
393 376
393 377
393 378
393 379
393 380
393 381
393 382
393 383
393 384
393 385
393 386
393 387
393 388
393 389
393 390
393 391
393 392
394 365
394 366
394 367
394 368
394 369
394 370
394 371
394 372
394 373
394 374
394 375
394 376
394 377
394 378
394 379
394 380
394 381
394 382
394 383
394 384
394 385
394 386
394 387
394 388
394 389
394 390
394 391
394 392
394 393
395 365
395 366
395 367
395 368
395 369
395 370
395 371
395 372
395 373
395 374
395 375
395 376
395 377
395 378
395 379
395 380
395 381
395 382
395 383
395 384
395 385
395 386
395 387
395 388
395 389
395 390
395 391
395 392
395 393
394 395
396 370
396 371
396 372
396 373
396 374
396 375
396 376
396 377
396 378
396 379
396 380
396 381
396 382
396 383
396 384
396 385
396 386
396 387
396 388
396 389
396 390
396 391
396 392
396 393
396 394
396 395
397 370
397 371
397 372
397 373
397 374
397 375
397 376
397 377
397 378
397 379
397 380
397 381
397 382
397 383
397 384
397 385
397 386
397 387
397 388
397 389
397 390
397 391
397 392
397 393
397 394
397 395
396 397
398 372
398 373
398 374
398 375
398 376
398 377
398 378
398 379
398 380
398 381
398 382
398 383
398 384
398 385
398 386
398 387
398 388
398 389
398 390
398 391
398 392
398 393
398 394
398 395
398 396
398 397
399 372
399 373
399 374
399 375
399 376
399 377
399 378
399 379
399 380
399 381
399 382
399 383
399 384
399 385
399 386
399 387
399 388
399 389
399 390
399 391
399 392
399 393
399 394
399 395
399 396
399 397
399 398
400 374
400 375
400 376
400 377
400 378
400 379
400 380
400 381
400 382
400 383
400 384
400 385
400 386
400 387
400 388
400 389
400 390
400 391
400 392
400 393
400 394
400 395
400 396
400 397
400 398
400 399
401 374
401 375
401 376
401 377
401 378
401 379
401 380
401 381
401 382
401 383
401 384
401 385
401 386
401 387
401 388
401 389
401 390
401 391
401 392
401 393
401 394
401 395
401 396
401 397
401 398
401 399
400 401
402 374
402 375
402 376
402 377
402 378
402 379
402 380
402 381
402 382
402 383
402 384
402 385
402 386
402 387
402 388
402 389
402 390
402 391
402 392
402 393
402 394
402 395
402 396
402 397
402 398
402 399
402 400
402 401
403 374
403 375
403 376
403 377
403 378
403 379
403 380
403 381
403 382
403 383
403 384
403 385
403 386
403 387
403 388
403 389
403 390
403 391
403 392
403 393
403 394
403 395
403 396
403 397
403 398
403 399
403 400
403 401
402 403
404 377
404 378
404 379
404 380
404 381
404 382
404 383
404 384
404 385
404 386
404 387
404 388
404 389
404 390
404 391
404 392
404 393
404 394
404 395
404 396
404 397
404 398
404 399
404 400
404 401
404 402
404 403
405 379
405 380
405 381
405 382
405 383
405 384
405 385
405 386
405 387
405 388
405 389
405 390
405 391
405 392
405 393
405 394
405 395
405 396
405 397
405 398
405 399
405 400
405 401
405 402
405 403
405 404
406 379
406 380
406 381
406 382
406 383
406 384
406 385
406 386
406 387
406 388
406 389
406 390
406 391
406 392
406 393
406 394
406 395
406 396
406 397
406 398
406 399
406 400
406 401
406 402
406 403
406 404
405 406
407 381
407 382
407 383
407 384
407 385
407 386
407 387
407 388
407 389
407 390
407 391
407 392
407 393
407 394
407 395
407 396
407 397
407 398
407 399
407 400
407 401
407 402
407 403
407 404
407 405
407 406
408 381
408 382
408 383
408 384
408 385
408 386
408 387
408 388
408 389
408 390
408 391
408 392
408 393
408 394
408 395
408 396
408 397
408 398
408 399
408 400
408 401
408 402
408 403
408 404
408 405
408 406
407 408
409 385
409 386
409 387
409 388
409 389
409 390
409 391
409 392
409 393
409 394
409 395
409 396
409 397
409 398
409 399
409 400
409 401
409 402
409 403
409 404
409 405
409 406
409 407
409 408
410 386
410 387
410 388
410 389
410 390
410 391
410 392
410 393
410 394
410 395
410 396
410 397
410 398
410 399
410 400
410 401
410 402
410 403
410 404
410 405
410 406
410 407
410 408
410 409
411 392
411 393
411 394
411 395
411 396
411 397
411 398
411 399
411 400
411 401
411 402
411 403
411 404
411 405
411 406
411 407
411 408
411 409
411 410
412 392
412 393
412 394
412 395
412 396
412 397
412 398
412 399
412 400
412 401
412 402
412 403
412 404
412 405
412 406
412 407
412 408
412 409
412 410
411 412
413 392
413 393
413 394
413 395
413 396
413 397
413 398
413 399
413 400
413 401
413 402
413 403
413 404
413 405
413 406
413 407
413 408
413 409
413 410
413 411
413 412
414 392
414 393
414 394
414 395
414 396
414 397
414 398
414 399
414 400
414 401
414 402
414 403
414 404
414 405
414 406
414 407
414 408
414 409
414 410
414 411
414 412
413 414
415 393
415 394
415 395
415 396
415 397
415 398
415 399
415 400
415 401
415 402
415 403
415 404
415 405
415 406
415 407
415 408
415 409
415 410
415 411
415 412
415 413
415 414
416 393
416 394
416 395
416 396
416 397
416 398
416 399
416 400
416 401
416 402
416 403
416 404
416 405
416 406
416 407
416 408
416 409
416 410
416 411
416 412
416 413
416 414
416 415
417 393
417 394
417 395
417 396
417 397
417 398
417 399
417 400
417 401
417 402
417 403
417 404
417 405
417 406
417 407
417 408
417 409
417 410
417 411
417 412
417 413
417 414
417 415
418 393
418 394
418 395
418 396
418 397
418 398
418 399
418 400
418 401
418 402
418 403
418 404
418 405
418 406
418 407
418 408
418 409
418 410
418 411
418 412
418 413
418 414
418 415
416 417
416 418
417 418
419 393
419 394
419 395
419 396
419 397
419 398
419 399
419 400
419 401
419 402
419 403
419 404
419 405
419 406
419 407
419 408
419 409
419 410
419 411
419 412
419 413
419 414
419 415
419 416
419 417
419 418
420 394
420 395
420 396
420 397
420 398
420 399
420 400
420 401
420 402
420 403
420 404
420 405
420 406
420 407
420 408
420 409
420 410
420 411
420 412
420 413
420 414
420 415
420 416
420 417
420 418
420 419
421 396
421 397
421 398
421 399
421 400
421 401
421 402
421 403
421 404
421 405
421 406
421 407
421 408
421 409
421 410
421 411
421 412
421 413
421 414
421 415
421 416
421 417
421 418
421 419
421 420
422 396
422 397
422 398
422 399
422 400
422 401
422 402
422 403
422 404
422 405
422 406
422 407
422 408
422 409
422 410
422 411
422 412
422 413
422 414
422 415
422 416
422 417
422 418
422 419
422 420
421 422
423 398
423 399
423 400
423 401
423 402
423 403
423 404
423 405
423 406
423 407
423 408
423 409
423 410
423 411
423 412
423 413
423 414
423 415
423 416
423 417
423 418
423 419
423 420
423 421
423 422
424 398
424 399
424 400
424 401
424 402
424 403
424 404
424 405
424 406
424 407
424 408
424 409
424 410
424 411
424 412
424 413
424 414
424 415
424 416
424 417
424 418
424 419
424 420
424 421
424 422
423 424
425 399
425 400
425 401
425 402
425 403
425 404
425 405
425 406
425 407
425 408
425 409
425 410
425 411
425 412
425 413
425 414
425 415
425 416
425 417
425 418
425 419
425 420
425 421
425 422
425 423
425 424
426 400
426 401
426 402
426 403
426 404
426 405
426 406
426 407
426 408
426 409
426 410
426 411
426 412
426 414
426 415
426 416
426 417
426 420
426 421
426 422
426 423
426 425
427 404
427 405
427 406
427 407
427 408
427 409
427 410
427 411
427 412
427 413
427 414
427 415
427 416
427 417
427 418
427 419
427 420
427 421
427 422
427 423
427 424
427 425
427 426
428 405
428 406
428 407
428 408
428 409
428 410
428 411
428 412
428 413
428 414
428 415
428 416
428 417
428 418
428 419
428 420
428 421
428 422
428 423
428 424
428 425
428 426
428 427
429 405
429 406
429 407
429 408
429 409
429 410
429 411
429 412
429 413
429 414
429 415
429 416
429 417
429 418
429 419
429 420
429 421
429 422
429 423
429 424
429 425
429 426
429 427
429 428
430 407
430 408
430 409
430 410
430 411
430 412
430 413
430 414
430 415
430 416
430 417
430 418
430 419
430 420
430 421
430 422
430 423
430 424
430 425
430 426
430 427
430 428
430 429
431 409
431 410
431 411
431 412
431 413
431 414
431 415
431 416
431 417
431 418
431 419
431 420
431 421
431 422
431 423
431 424
431 425
431 426
431 427
431 428
431 429
431 430
432 409
432 410
432 411
432 412
432 413
432 414
432 415
432 416
432 417
432 418
432 419
432 420
432 421
432 422
432 423
432 424
432 425
432 426
432 427
432 428
432 429
432 430
432 431
433 413
433 414
433 415
433 416
433 417
433 418
433 419
433 420
433 421
433 422
433 423
433 424
433 425
433 426
433 427
433 428
433 429
433 430
433 431
433 432
434 420
434 421
434 422
434 423
434 424
434 425
434 426
434 427
434 428
434 429
434 430
434 431
434 432
434 433
435 420
435 421
435 422
435 423
435 424
435 425
435 426
435 427
435 428
435 429
435 430
435 431
435 432
435 433
434 435
436 420
436 421
436 422
436 423
436 424
436 425
436 426
436 427
436 428
436 429
436 430
436 431
436 432
436 433
436 434
436 435
437 420
437 421
437 422
437 423
437 424
437 425
437 426
437 427
437 428
437 429
437 430
437 431
437 432
437 433
437 434
437 435
438 420
438 421
438 422
438 423
438 424
438 425
438 426
438 427
438 428
438 429
438 430
438 431
438 432
438 433
438 434
438 435
439 420
439 421
439 422
439 423
439 424
439 425
439 427
439 428
439 429
439 430
439 431
439 432
439 433
439 434
439 435
436 437
436 438
436 439
437 438
437 439
438 439
440 423
440 424
440 425
440 426
440 427
440 428
440 429
440 430
440 431
440 432
440 433
440 434
440 435
440 436
440 437
440 438
440 439
441 427
441 428
441 429
441 430
441 431
441 432
441 433
441 434
441 435
441 436
441 437
441 438
441 439
441 440
442 428
442 429
442 430
442 431
442 432
442 433
442 434
442 435
442 437
442 438
442 439
442 440
442 441
443 429
443 430
443 431
443 432
443 433
443 434
443 435
443 436
443 437
443 438
443 439
443 440
443 441
443 442
444 429
444 430
444 431
444 432
444 433
444 434
444 435
444 436
444 437
444 438
444 439
444 440
444 441
444 442
445 429
445 430
445 431
445 432
445 433
445 434
445 435
445 436
445 437
445 438
445 439
445 440
445 441
445 442
443 444
443 445
444 445
446 430
446 431
446 432
446 433
446 434
446 435
446 436
446 437
446 438
446 439
446 440
446 441
446 442
446 443
446 444
446 445
447 432
447 433
447 434
447 435
447 436
447 437
447 438
447 439
447 440
447 441
447 442
447 443
447 444
447 445
447 446
448 434
448 435
448 437
448 438
448 440
448 442
448 443
448 445
448 447
449 443
449 444
449 445
449 446
449 447
449 448
451 450
452 450
453 452
454 450
454 452
453 454
455 450
455 451
455 452
455 453
455 454
456 450
456 451
456 452
456 453
456 454
456 455
457 450
457 451
457 452
457 453
457 454
457 455
457 456
458 452
458 453
458 454
458 455
458 456
458 457
459 450
459 451
459 452
459 453
459 454
459 455
459 456
459 457
459 458
460 450
460 451
460 452
460 453
460 454
460 455
460 456
460 457
460 458
459 460
461 450
461 452
461 453
461 454
461 455
461 456
461 457
461 458
461 459
461 460
462 450
462 451
462 452
462 453
462 454
462 455
462 456
462 457
462 458
462 459
462 460
463 450
463 452
463 453
463 454
463 455
463 456
463 457
463 458
463 459
463 460
461 462
461 463
462 463
464 450
464 451
464 452
464 453
464 454
464 455
464 456
464 457
464 458
464 459
464 460
464 461
464 462
464 463
465 450
465 451
465 452
465 453
465 454
465 455
465 456
465 457
465 458
465 459
465 460
465 461
465 462
465 463
464 465
466 452
466 453
466 454
466 455
466 456
466 457
466 458
466 459
466 460
466 461
466 462
466 463
466 464
466 465
467 452
467 453
467 454
467 455
467 456
467 457
467 458
467 459
467 460
467 461
467 462
467 463
467 464
467 465
467 466
468 452
468 453
468 454
468 455
468 456
468 457
468 458
468 459
468 460
468 461
468 462
468 463
468 464
468 465
468 466
467 468
469 452
469 453
469 454
469 455
469 456
469 457
469 458
469 459
469 460
469 461
469 462
469 463
469 464
469 465
469 466
469 467
469 468
470 452
470 453
470 454
470 455
470 456
470 457
470 458
470 459
470 460
470 461
470 462
470 463
470 464
470 465
470 466
470 467
470 468
469 470
471 452
471 453
471 454
471 455
471 456
471 457
471 458
471 459
471 460
471 461
471 462
471 463
471 464
471 465
471 466
471 467
471 468
471 469
471 470
472 452
472 453
472 454
472 455
472 456
472 457
472 458
472 459
472 460
472 461
472 462
472 463
472 464
472 465
472 466
472 467
472 468
472 469
472 470
472 471
473 452
473 453
473 454
473 455
473 456
473 457
473 458
473 459
473 460
473 461
473 462
473 463
473 464
473 465
473 466
473 467
473 468
473 469
473 470
473 471
472 473
474 452
474 453
474 454
474 455
474 456
474 457
474 458
474 459
474 460
474 461
474 462
474 463
474 464
474 465
474 466
474 467
474 468
474 469
474 470
474 471
474 472
474 473
475 452
475 453
475 454
475 455
475 456
475 457
475 458
475 459
475 460
475 461
475 462
475 463
475 464
475 465
475 466
475 467
475 468
475 469
475 470
475 471
475 472
475 473
475 474
476 452
476 453
476 454
476 455
476 456
476 457
476 458
476 459
476 460
476 461
476 462
476 463
476 464
476 465
476 466
476 467
476 468
476 469
476 470
476 471
476 472
476 473
476 474
476 475
477 452
477 453
477 454
477 455
477 456
477 457
477 458
477 459
477 460
477 461
477 462
477 463
477 464
477 465
477 466
477 467
477 468
477 469
477 470
477 471
477 472
477 473
477 474
477 475
476 477
478 453
478 454
478 455
478 456
478 457
478 458
478 459
478 460
478 461
478 462
478 463
478 464
478 465
478 466
478 467
478 468
478 469
478 470
478 471
478 472
478 473
478 474
478 475
478 476
478 477
479 453
479 454
479 455
479 456
479 457
479 458
479 459
479 460
479 461
479 462
479 463
479 464
479 465
479 466
479 467
479 468
479 469
479 470
479 471
479 472
479 473
479 474
479 475
479 476
479 477
478 479
480 453
480 454
480 455
480 456
480 457
480 458
480 459
480 460
480 461
480 462
480 463
480 464
480 465
480 466
480 467
480 468
480 469
480 470
480 471
480 472
480 473
480 474
480 475
480 476
480 477
480 478
480 479
481 455
481 456
481 457
481 459
481 460
481 461
481 462
481 463
481 464
481 465
481 467
481 468
481 469
481 470
481 473
481 474
481 475
481 476
481 477
481 478
481 480
482 453
482 454
482 455
482 456
482 457
482 458
482 459
482 460
482 461
482 462
482 463
482 464
482 465
482 466
482 467
482 468
482 469
482 470
482 471
482 472
482 473
482 474
482 475
482 476
482 477
482 478
482 479
482 480
481 482
483 455
483 456
483 457
483 458
483 459
483 460
483 461
483 462
483 463
483 464
483 465
483 466
483 467
483 468
483 469
483 470
483 471
483 472
483 473
483 474
483 475
483 476
483 477
483 478
483 479
483 480
483 481
483 482
484 456
484 457
484 458
484 459
484 460
484 461
484 462
484 463
484 464
484 465
484 466
484 467
484 468
484 469
484 470
484 471
484 472
484 473
484 474
484 475
484 476
484 477
484 478
484 479
484 480
484 481
484 482
484 483
485 458
485 461
485 462
485 463
485 464
485 466
485 467
485 468
485 469
485 470
485 471
485 472
485 473
485 476
485 477
485 478
485 479
485 480
485 482
485 483
485 484
486 458
486 459
486 460
486 461
486 462
486 463
486 464
486 465
486 466
486 467
486 468
486 469
486 470
486 471
486 472
486 473
486 474
486 475
486 476
486 477
486 478
486 479
486 480
486 481
486 482
486 483
486 484
486 485
487 459
487 460
487 461
487 462
487 463
487 464
487 465
487 466
487 467
487 468
487 469
487 470
487 473
487 474
487 476
487 477
487 478
487 480
487 481
487 482
487 484
487 485
487 486
488 459
488 460
488 461
488 462
488 463
488 464
488 465
488 466
488 467
488 468
488 469
488 470
488 471
488 472
488 473
488 474
488 475
488 476
488 477
488 478
488 479
488 480
488 481
488 482
488 483
488 484
488 485
488 486
489 459
489 460
489 461
489 462
489 463
489 464
489 465
489 466
489 467
489 468
489 469
489 470
489 471
489 472
489 473
489 474
489 475
489 476
489 477
489 478
489 479
489 480
489 482
489 483
489 484
489 485
489 486
487 488
488 489
490 461
490 462
490 463
490 464
490 465
490 466
490 467
490 468
490 469
490 470
490 471
490 472
490 473
490 474
490 475
490 476
490 477
490 478
490 479
490 480
490 481
490 482
490 483
490 484
490 485
490 486
490 487
490 488
490 489
491 464
491 465
491 466
491 467
491 468
491 469
491 470
491 471
491 472
491 473
491 474
491 475
491 476
491 477
491 478
491 479
491 480
491 481
491 482
491 483
491 484
491 486
491 487
491 488
491 489
491 490
492 464
492 465
492 466
492 467
492 468
492 469
492 470
492 471
492 472
492 473
492 474
492 475
492 476
492 477
492 478
492 479
492 480
492 481
492 482
492 483
492 484
492 486
492 487
492 488
492 489
492 490
491 492
493 464
493 465
493 466
493 467
493 468
493 469
493 470
493 471
493 472
493 473
493 474
493 475
493 476
493 477
493 478
493 479
493 480
493 481
493 482
493 483
493 484
493 486
493 488
493 489
493 490
493 491
493 492
494 464
494 465
494 466
494 467
494 468
494 469
494 470
494 471
494 472
494 473
494 474
494 475
494 476
494 477
494 478
494 479
494 480
494 481
494 482
494 483
494 484
494 486
494 488
494 489
494 490
494 491
494 492
493 494
495 466
495 467
495 468
495 469
495 470
495 471
495 472
495 473
495 474
495 475
495 476
495 477
495 478
495 479
495 480
495 481
495 482
495 483
495 484
495 485
495 486
495 487
495 488
495 489
495 490
495 491
495 492
495 493
495 494
496 466
496 467
496 468
496 469
496 470
496 471
496 472
496 473
496 474
496 475
496 476
496 477
496 478
496 479
496 480
496 481
496 482
496 483
496 484
496 485
496 486
496 487
496 488
496 489
496 490
496 491
496 492
496 493
496 494
495 496
497 469
497 470
497 471
497 472
497 473
497 474
497 475
497 476
497 477
497 478
497 479
497 480
497 482
497 483
497 484
497 485
497 486
497 487
497 488
497 489
497 490
497 491
497 492
497 493
497 494
497 495
497 496
498 469
498 470
498 471
498 472
498 473
498 474
498 475
498 476
498 477
498 478
498 479
498 480
498 482
498 483
498 484
498 485
498 486
498 487
498 488
498 489
498 490
498 491
498 492
498 493
498 494
498 495
498 496
497 498
499 469
499 470
499 471
499 472
499 473
499 474
499 475
499 476
499 477
499 478
499 479
499 480
499 481
499 482
499 483
499 484
499 485
499 486
499 487
499 488
499 489
499 490
499 491
499 492
499 493
499 494
499 495
499 496
499 497
499 498
500 474
500 475
500 476
500 477
500 478
500 479
500 480
500 481
500 482
500 483
500 484
500 485
500 486
500 487
500 488
500 489
500 490
500 491
500 492
500 493
500 494
500 495
500 496
500 497
500 498
500 499
501 475
501 476
501 477
501 478
501 479
501 480
501 481
501 482
501 483
501 484
501 485
501 486
501 487
501 488
501 489
501 490
501 491
501 492
501 493
501 494
501 495
501 496
501 497
501 498
501 499
501 500
502 476
502 477
502 478
502 479
502 480
502 481
502 482
502 483
502 484
502 485
502 486
502 487
502 488
502 489
502 490
502 491
502 492
502 493
502 494
502 495
502 496
502 497
502 498
502 499
502 500
502 501
503 476
503 477
503 478
503 479
503 480
503 481
503 482
503 483
503 484
503 485
503 486
503 487
503 488
503 489
503 490
503 491
503 492
503 493
503 494
503 495
503 496
503 497
503 498
503 499
503 500
503 501
503 502
504 476
504 477
504 478
504 479
504 480
504 481
504 482
504 483
504 484
504 485
504 486
504 487
504 488
504 489
504 490
504 491
504 492
504 493
504 494
504 495
504 496
504 497
504 498
504 499
504 500
504 501
504 502
503 504
505 478
505 479
505 480
505 481
505 482
505 483
505 484
505 485
505 486
505 487
505 488
505 489
505 490
505 491
505 492
505 493
505 494
505 495
505 496
505 497
505 498
505 499
505 500
505 501
505 502
505 503
505 504
506 480
506 481
506 482
506 483
506 484
506 485
506 486
506 487
506 488
506 489
506 490
506 491
506 492
506 493
506 494
506 495
506 496
506 497
506 498
506 499
506 500
506 501
506 502
506 503
506 504
506 505
507 483
507 484
507 485
507 486
507 487
507 488
507 489
507 490
507 491
507 492
507 493
507 494
507 495
507 496
507 497
507 498
507 499
507 500
507 501
507 502
507 503
507 504
507 505
507 506
508 483
508 484
508 485
508 486
508 487
508 488
508 489
508 490
508 491
508 492
508 493
508 494
508 495
508 496
508 497
508 498
508 499
508 500
508 501
508 502
508 503
508 504
508 505
508 506
508 507
509 483
509 484
509 485
509 486
509 488
509 489
509 490
509 491
509 492
509 493
509 494
509 495
509 496
509 497
509 498
509 499
509 500
509 501
509 502
509 503
509 504
509 505
509 506
509 507
510 483
510 484
510 485
510 486
510 487
510 488
510 489
510 490
510 491
510 492
510 493
510 494
510 495
510 496
510 497
510 498
510 499
510 500
510 501
510 502
510 503
510 504
510 505
510 506
510 507
508 509
508 510
509 510
511 484
511 485
511 486
511 487
511 488
511 489
511 490
511 491
511 492
511 493
511 494
511 495
511 496
511 497
511 498
511 499
511 500
511 501
511 502
511 503
511 504
511 505
511 506
511 507
511 508
511 509
511 510
512 485
512 486
512 487
512 488
512 489
512 490
512 491
512 492
512 493
512 494
512 495
512 496
512 497
512 498
512 499
512 500
512 501
512 502
512 503
512 504
512 505
512 506
512 507
512 508
512 509
512 510
512 511
513 485
513 486
513 487
513 488
513 489
513 490
513 491
513 492
513 493
513 494
513 495
513 496
513 497
513 498
513 499
513 500
513 501
513 502
513 503
513 504
513 505
513 506
513 507
513 508
513 509
513 510
513 511
514 486
514 487
514 490
514 491
514 492
514 493
514 494
514 495
514 496
514 499
514 500
514 502
514 505
514 508
514 511
515 486
515 487
515 488
515 489
515 490
515 491
515 492
515 493
515 494
515 495
515 496
515 497
515 498
515 499
515 500
515 501
515 502
515 503
515 504
515 505
515 506
515 507
515 508
515 509
515 510
515 511
512 513
512 515
513 514
513 515
514 515
516 486
516 488
516 489
516 490
516 491
516 492
516 493
516 494
516 495
516 496
516 497
516 498
516 499
516 500
516 501
516 502
516 503
516 504
516 505
516 506
516 507
516 508
516 509
516 510
516 511
516 512
516 513
516 515
517 488
517 489
517 490
517 491
517 492
517 493
517 494
517 495
517 496
517 497
517 498
517 499
517 500
517 501
517 502
517 503
517 504
517 505
517 506
517 507
517 508
517 509
517 510
517 511
517 512
517 513
517 515
517 516
518 491
518 492
518 493
518 494
518 495
518 496
518 497
518 498
518 499
518 500
518 501
518 502
518 503
518 504
518 505
518 506
518 507
518 508
518 509
518 510
518 511
518 512
518 513
518 514
518 515
518 516
518 517
519 491
519 492
519 493
519 494
519 495
519 496
519 497
519 498
519 499
519 500
519 501
519 502
519 503
519 504
519 505
519 506
519 507
519 508
519 509
519 510
519 511
519 512
519 513
519 515
519 516
519 517
518 519
520 493
520 494
520 495
520 496
520 497
520 498
520 499
520 500
520 501
520 502
520 503
520 504
520 505
520 506
520 507
520 508
520 509
520 510
520 511
520 512
520 513
520 514
520 515
520 516
520 517
520 518
520 519
521 495
521 496
521 497
521 498
521 499
521 500
521 501
521 502
521 503
521 504
521 505
521 506
521 507
521 508
521 509
521 510
521 511
521 512
521 513
521 514
521 515
521 516
521 517
521 518
521 519
521 520
522 499
522 500
522 501
522 502
522 503
522 504
522 505
522 506
522 507
522 508
522 509
522 510
522 511
522 512
522 513
522 515
522 516
522 517
522 518
522 519
522 520
522 521
523 499
523 500
523 501
523 502
523 503
523 504
523 505
523 506
523 507
523 508
523 509
523 510
523 511
523 512
523 513
523 514
523 515
523 516
523 517
523 518
523 519
523 520
523 521
522 523
524 502
524 503
524 504
524 505
524 506
524 507
524 508
524 509
524 510
524 511
524 512
524 513
524 515
524 516
524 517
524 518
524 519
524 520
524 521
524 522
524 523
525 503
525 504
525 505
525 506
525 507
525 508
525 509
525 510
525 511
525 512
525 513
525 514
525 515
525 516
525 517
525 518
525 519
525 520
525 521
525 522
525 523
525 524
526 503
526 504
526 505
526 506
526 507
526 508
526 509
526 510
526 511
526 512
526 513
526 514
526 515
526 516
526 517
526 518
526 519
526 520
526 521
526 522
526 523
526 524
525 526
527 505
527 506
527 507
527 508
527 509
527 510
527 511
527 512
527 513
527 515
527 516
527 517
527 518
527 519
527 520
527 521
527 522
527 523
527 524
527 525
527 526
528 506
528 507
528 508
528 509
528 510
528 511
528 512
528 513
528 514
528 515
528 516
528 517
528 518
528 519
528 520
528 521
528 522
528 523
528 524
528 525
528 526
528 527
529 506
529 507
529 508
529 509
529 510
529 511
529 512
529 513
529 515
529 516
529 517
529 518
529 519
529 520
529 521
529 522
529 523
529 524
529 525
529 526
529 527
528 529
530 508
530 509
530 510
530 511
530 512
530 513
530 515
530 516
530 517
530 518
530 519
530 520
530 521
530 522
530 523
530 524
530 525
530 526
530 527
530 528
530 529
531 511
531 512
531 513
531 515
531 516
531 517
531 518
531 519
531 520
531 521
531 522
531 523
531 524
531 525
531 526
531 527
531 528
531 529
531 530
532 511
532 512
532 513
532 514
532 515
532 516
532 517
532 518
532 519
532 520
532 521
532 522
532 523
532 524
532 525
532 526
532 527
532 528
532 529
532 530
531 532
533 512
533 513
533 514
533 515
533 516
533 517
533 518
533 519
533 520
533 521
533 522
533 523
533 524
533 525
533 526
533 527
533 528
533 529
533 530
533 531
533 532
534 512
534 513
534 515
534 516
534 517
534 518
534 519
534 520
534 521
534 522
534 523
534 524
534 525
534 526
534 527
534 528
534 529
534 530
534 531
534 532
533 534
535 512
535 513
535 514
535 515
535 516
535 517
535 518
535 519
535 520
535 521
535 522
535 523
535 524
535 525
535 526
535 527
535 528
535 529
535 530
535 531
535 532
535 533
535 534
536 517
536 518
536 519
536 520
536 521
536 522
536 523
536 524
536 525
536 526
536 527
536 528
536 529
536 530
536 531
536 532
536 533
536 534
536 535
537 517
537 518
537 519
537 520
537 521
537 522
537 523
537 524
537 525
537 526
537 528
537 529
537 530
537 531
537 532
537 533
537 534
537 535
538 517
538 518
538 519
538 520
538 521
538 522
538 523
538 524
538 525
538 526
538 527
538 528
538 529
538 530
538 531
538 532
538 533
538 534
538 535
536 537
536 538
537 538
539 520
539 521
539 522
539 523
539 524
539 525
539 526
539 527
539 528
539 529
539 530
539 531
539 532
539 533
539 534
539 535
539 536
539 537
539 538
540 520
540 521
540 522
540 523
540 524
540 525
540 526
540 527
540 528
540 529
540 530
540 531
540 532
540 533
540 534
540 535
540 536
540 537
540 538
541 520
541 521
541 522
541 523
541 524
541 525
541 526
541 527
541 528
541 529
541 530
541 531
541 532
541 533
541 534
541 535
541 536
541 537
541 538
539 540
539 541
540 541
542 522
542 523
542 524
542 525
542 526
542 527
542 528
542 529
542 530
542 531
542 532
542 533
542 534
542 535
542 536
542 537
542 538
542 539
542 540
542 541
543 522
543 523
543 524
543 525
543 526
543 527
543 528
543 529
543 530
543 531
543 532
543 533
543 534
543 535
543 536
543 537
543 538
543 539
543 540
543 541
543 542
544 522
544 523
544 524
544 525
544 526
544 527
544 528
544 529
544 530
544 531
544 532
544 533
544 534
544 535
544 536
544 537
544 538
544 539
544 540
544 541
544 542
545 522
545 523
545 524
545 525
545 526
545 527
545 528
545 529
545 530
545 531
545 532
545 533
545 534
545 535
545 536
545 537
545 538
545 539
545 540
545 541
545 542
546 522
546 523
546 524
546 525
546 526
546 527
546 528
546 529
546 530
546 531
546 532
546 533
546 534
546 535
546 536
546 537
546 538
546 539
546 540
546 541
546 542
543 544
543 545
543 546
544 545
544 546
545 546
547 524
547 525
547 526
547 527
547 528
547 529
547 530
547 531
547 532
547 533
547 534
547 535
547 536
547 538
547 539
547 540
547 541
547 542
547 543
547 544
547 545
547 546
548 524
548 525
548 526
548 527
548 528
548 529
548 530
548 531
548 532
548 533
548 534
548 535
548 536
548 538
548 539
548 540
548 541
548 542
548 543
548 544
548 545
548 546
548 547
549 524
549 525
549 526
549 527
549 528
549 529
549 530
549 531
549 532
549 533
549 534
549 535
549 536
549 537
549 538
549 539
549 540
549 541
549 542
549 543
549 544
549 545
549 546
549 547
549 548
550 525
550 526
550 527
550 528
550 529
550 530
550 531
550 532
550 533
550 534
550 535
550 536
550 537
550 538
550 539
550 540
550 541
550 542
550 543
550 544
550 545
550 546
550 547
550 548
550 549
551 527
551 528
551 529
551 530
551 531
551 532
551 533
551 534
551 535
551 536
551 537
551 538
551 539
551 540
551 541
551 542
551 543
551 544
551 545
551 546
551 547
551 548
551 549
551 550
552 530
552 531
552 532
552 533
552 534
552 535
552 536
552 537
552 538
552 539
552 540
552 541
552 542
552 543
552 544
552 545
552 546
552 547
552 548
552 549
552 550
552 551
553 530
553 531
553 532
553 533
553 534
553 535
553 536
553 537
553 538
553 539
553 540
553 541
553 542
553 543
553 544
553 545
553 546
553 547
553 548
553 549
553 550
553 551
552 553
554 531
554 532
554 533
554 534
554 535
554 536
554 537
554 538
554 539
554 540
554 541
554 542
554 543
554 544
554 545
554 546
554 547
554 548
554 549
554 550
554 551
554 552
554 553
555 535
555 536
555 537
555 538
555 539
555 540
555 541
555 542
555 543
555 544
555 545
555 546
555 547
555 548
555 549
555 550
555 551
555 552
555 553
555 554
556 536
556 537
556 538
556 539
556 540
556 541
556 542
556 543
556 544
556 545
556 546
556 547
556 548
556 549
556 550
556 551
556 552
556 553
556 554
556 555
557 536
557 537
557 538
557 539
557 540
557 541
557 542
557 543
557 544
557 545
557 546
557 547
557 548
557 549
557 550
557 551
557 552
557 553
557 554
557 555
557 556
558 542
558 543
558 544
558 545
558 546
558 547
558 548
558 549
558 550
558 551
558 552
558 553
558 554
558 555
558 556
558 557
559 542
559 543
559 544
559 545
559 546
559 547
559 548
559 549
559 550
559 551
559 552
559 553
559 554
559 555
559 556
559 557
559 558
560 543
560 544
560 545
560 546
560 547
560 548
560 549
560 550
560 551
560 552
560 553
560 554
560 555
560 556
560 557
560 558
560 559
561 547
561 548
561 549
561 551
561 552
561 553
561 554
561 555
561 556
561 557
561 558
561 559
561 560
562 549
562 550
562 551
562 552
562 553
562 554
562 555
562 556
562 557
562 558
562 559
562 560
563 550
563 551
563 552
563 553
563 554
563 555
563 556
563 557
563 558
563 559
563 560
563 561
563 562
564 552
564 553
564 554
564 555
564 556
564 557
564 558
564 559
564 560
564 562
564 563
565 554
565 555
565 556
565 557
565 558
565 559
565 560
565 561
565 563
566 554
566 555
566 556
566 557
566 559
566 560
566 562
566 563
566 564
566 565
567 556
567 557
567 558
567 559
567 560
567 561
567 562
567 563
567 565
567 566
568 558
568 559
568 560
568 561
568 562
568 563
568 564
568 565
568 567
569 558
569 559
569 560
569 561
569 562
569 563
569 564
569 565
569 566
569 567
569 568
570 560
570 561
570 563
570 564
570 565
570 567
570 568
570 569
571 561
571 562
571 563
571 564
571 565
571 566
571 567
571 568
571 569
571 570
572 562
572 563
572 565
572 566
572 567
572 568
572 569
572 570
572 571
573 562
573 563
573 564
573 565
573 566
573 567
573 568
573 569
573 570
573 571
574 562
574 563
574 564
574 565
574 566
574 567
574 568
574 569
574 570
574 571
572 573
572 574
573 574
575 562
575 563
575 564
575 565
575 566
575 567
575 568
575 569
575 570
575 571
575 572
575 573
575 574
576 562
576 563
576 564
576 565
576 566
576 567
576 568
576 569
576 570
576 571
576 572
576 573
576 574
576 575
577 563
577 564
577 565
577 566
577 567
577 568
577 569
577 570
577 571
577 572
577 573
577 574
577 575
577 576
578 564
578 565
578 566
578 567
578 568
578 569
578 570
578 571
578 572
578 573
578 574
578 575
578 576
578 577
579 565
579 566
579 567
579 568
579 569
579 570
579 571
579 572
579 573
579 574
579 575
579 576
579 577
579 578
580 567
580 568
580 569
580 571
580 572
580 573
580 574
580 575
580 576
580 577
580 578
580 579
581 567
581 568
581 569
581 570
581 571
581 572
581 573
581 574
581 575
581 576
581 577
581 578
581 579
580 581
582 567
582 568
582 569
582 570
582 571
582 572
582 573
582 574
582 575
582 576
582 577
582 578
582 579
582 580
582 581
583 567
583 568
583 569
583 570
583 571
583 572
583 573
583 574
583 575
583 576
583 577
583 578
583 579
583 580
583 581
582 583
584 568
584 569
584 570
584 571
584 572
584 573
584 574
584 575
584 576
584 577
584 578
584 579
584 580
584 581
584 582
584 583
585 568
585 569
585 570
585 571
585 572
585 573
585 574
585 575
585 576
585 577
585 578
585 579
585 580
585 581
585 582
585 583
585 584
586 568
586 569
586 570
586 571
586 572
586 573
586 574
586 575
586 576
586 577
586 578
586 579
586 580
586 581
586 582
586 583
586 584
585 586
587 569
587 570
587 571
587 572
587 573
587 574
587 575
587 576
587 577
587 578
587 579
587 580
587 581
587 582
587 583
587 584
587 585
587 586
588 569
588 571
588 572
588 573
588 574
588 575
588 576
588 577
588 578
588 579
588 580
588 581
588 582
588 583
588 584
588 585
588 586
587 588
589 569
589 570
589 571
589 572
589 573
589 574
589 575
589 576
589 577
589 578
589 579
589 580
589 581
589 582
589 583
589 584
589 585
589 586
589 587
589 588
590 570
590 571
590 574
590 575
590 578
590 579
590 582
590 583
590 584
590 586
590 587
590 589
591 570
591 571
591 572
591 573
591 574
591 575
591 576
591 577
591 578
591 579
591 580
591 581
591 582
591 583
591 584
591 585
591 586
591 587
591 588
591 589
591 590
592 570
592 571
592 572
592 573
592 574
592 575
592 576
592 577
592 578
592 579
592 580
592 581
592 582
592 583
592 584
592 585
592 586
592 587
592 588
592 589
591 592
593 570
593 571
593 572
593 573
593 574
593 575
593 576
593 577
593 578
593 579
593 580
593 581
593 582
593 583
593 584
593 585
593 586
593 587
593 588
593 589
593 591
593 592
594 571
594 572
594 573
594 574
594 575
594 576
594 577
594 578
594 579
594 580
594 581
594 582
594 583
594 584
594 585
594 586
594 587
594 588
594 589
594 591
594 592
593 594
595 571
595 572
595 573
595 574
595 575
595 576
595 577
595 578
595 579
595 580
595 581
595 582
595 583
595 584
595 585
595 586
595 587
595 588
595 589
595 590
595 591
595 592
595 593
595 594
596 577
596 578
596 579
596 582
596 583
596 584
596 586
596 587
596 589
596 590
596 591
596 595
597 579
597 580
597 581
597 582
597 583
597 584
597 585
597 586
597 587
597 588
597 589
597 591
597 592
597 593
597 594
597 595
597 596
598 579
598 580
598 581
598 582
598 583
598 584
598 585
598 586
598 587
598 588
598 589
598 591
598 592
598 593
598 594
598 595
597 598
599 579
599 580
599 581
599 582
599 583
599 584
599 585
599 586
599 587
599 588
599 589
599 591
599 592
599 593
599 594
599 595
599 597
599 598
600 580
600 581
600 582
600 583
600 584
600 585
600 586
600 587
600 588
600 589
600 590
600 591
600 592
600 593
600 594
600 595
600 596
600 597
600 598
600 599
601 580
601 581
601 582
601 583
601 584
601 585
601 586
601 587
601 588
601 589
601 590
601 591
601 592
601 593
601 594
601 595
601 596
601 597
601 598
601 599
601 600
602 580
602 581
602 582
602 583
602 584
602 585
602 586
602 587
602 588
602 589
602 590
602 591
602 592
602 593
602 594
602 595
602 596
602 597
602 598
602 599
602 600
601 602
603 585
603 586
603 587
603 588
603 589
603 591
603 592
603 593
603 594
603 595
603 597
603 598
603 599
603 600
603 601
603 602
604 587
604 588
604 589
604 591
604 592
604 593
604 594
604 595
604 597
604 598
604 599
604 600
604 601
604 602
604 603
605 587
605 588
605 589
605 591
605 592
605 593
605 594
605 595
605 596
605 597
605 598
605 599
605 600
605 601
605 602
605 603
604 605
606 591
606 592
606 593
606 594
606 595
606 597
606 598
606 599
606 600
606 601
606 602
606 603
606 604
606 605
607 593
607 594
607 595
607 596
607 597
607 598
607 599
607 600
607 601
607 602
607 603
607 604
607 605
607 606
608 595
608 597
608 598
608 599
608 600
608 601
608 602
608 603
608 604
608 605
608 606
608 607
609 596
609 601
609 607
610 597
610 598
610 599
610 600
610 601
610 602
610 603
610 604
610 605
610 606
610 607
610 608
611 596
611 597
611 598
611 599
611 600
611 601
611 602
611 603
611 604
611 605
611 606
611 607
611 608
611 610
612 596
612 597
612 598
612 599
612 600
612 601
612 602
612 603
612 604
612 605
612 606
612 607
612 608
612 609
612 610
611 612
613 597
613 598
613 599
613 600
613 601
613 602
613 603
613 604
613 605
613 606
613 607
613 608
613 610
613 611
613 612
614 597
614 598
614 599
614 600
614 601
614 602
614 604
614 605
614 606
614 607
614 608
614 609
614 610
614 611
614 612
614 613
615 597
615 598
615 599
615 600
615 601
615 602
615 603
615 604
615 605
615 606
615 607
615 608
615 610
615 611
615 612
615 613
615 614
616 599
616 600
616 601
616 602
616 603
616 604
616 605
616 606
616 607
616 608
616 610
616 611
616 612
616 613
616 614
616 615
617 600
617 601
617 602
617 603
617 604
617 605
617 606
617 607
617 608
617 610
617 611
617 612
617 613
617 614
617 615
617 616
618 600
618 601
618 602
618 603
618 604
618 605
618 606
618 607
618 608
618 609
618 610
618 611
618 612
618 613
618 614
618 615
618 616
617 618
619 603
619 604
619 605
619 606
619 607
619 608
619 609
619 610
619 611
619 612
619 613
619 614
619 615
619 616
619 617
619 618
620 605
620 607
620 609
620 612
620 618
619 620
621 603
621 604
621 605
621 606
621 607
621 608
621 610
621 611
621 612
621 613
621 614
621 615
621 616
621 617
621 618
621 619
622 603
622 604
622 605
622 606
622 607
622 608
622 610
622 611
622 612
622 613
622 614
622 615
622 616
622 617
622 618
622 619
621 622
623 606
623 607
623 608
623 609
623 610
623 611
623 612
623 613
623 614
623 615
623 616
623 617
623 618
623 619
623 620
623 621
623 622
624 606
624 607
624 608
624 610
624 611
624 612
624 613
624 614
624 615
624 616
624 617
624 618
624 619
624 621
624 622
623 624
625 606
625 607
625 608
625 610
625 611
625 612
625 613
625 614
625 615
625 616
625 617
625 618
625 619
625 621
625 622
625 623
625 624
626 606
626 607
626 608
626 610
626 611
626 612
626 613
626 615
626 616
626 617
626 618
626 619
626 621
626 622
626 623
626 624
625 626
627 607
627 608
627 609
627 610
627 611
627 612
627 613
627 614
627 615
627 616
627 617
627 618
627 619
627 620
627 621
627 622
627 623
627 624
627 625
627 626
628 611
628 612
628 613
628 615
628 616
628 617
628 618
628 619
628 620
628 621
628 622
628 623
628 624
628 625
628 626
628 627
629 611
629 612
629 613
629 614
629 615
629 616
629 617
629 618
629 619
629 620
629 621
629 622
629 623
629 624
629 625
629 626
629 627
628 629
630 619
630 621
630 622
630 623
630 624
630 625
630 626
630 627
630 628
630 629
631 619
631 621
631 622
631 623
631 624
631 625
631 626
631 627
631 628
631 629
631 630
632 628
632 629
632 630
632 631
633 630
633 631
633 632
634 630
634 631
634 632
634 633
635 632
635 633
635 634
636 632
636 633
636 634
636 635
637 632
637 633
637 634
637 635
637 636
638 632
638 633
638 634
638 635
638 636
638 637
639 632
639 633
639 634
639 635
639 636
639 637
638 639
640 632
640 633
640 634
640 635
640 636
640 637
640 638
640 639
641 632
641 633
641 634
641 635
641 636
641 637
641 638
641 639
641 640
642 636
642 639
642 641
643 636
643 639
643 641
643 642
644 633
644 634
644 635
644 636
644 637
644 638
644 639
644 640
644 641
645 633
645 634
645 635
645 636
645 637
645 638
645 639
645 640
645 641
645 642
645 643
644 645
646 633
646 634
646 635
646 636
646 637
646 638
646 639
646 640
646 641
646 643
646 644
646 645
647 633
647 634
647 635
647 636
647 637
647 638
647 639
647 640
647 641
647 642
647 643
647 644
647 645
647 646
648 633
648 634
648 635
648 636
648 637
648 638
648 639
648 640
648 641
648 644
648 645
648 646
648 647
649 633
649 634
649 635
649 636
649 637
649 638
649 639
649 640
649 641
649 644
649 645
649 646
649 647
648 649
650 635
650 636
650 637
650 638
650 639
650 640
650 641
650 642
650 643
650 644
650 645
650 646
650 647
650 648
650 649
651 635
651 636
651 637
651 638
651 639
651 640
651 641
651 642
651 643
651 644
651 645
651 646
651 647
651 648
651 649
652 635
652 636
652 637
652 638
652 639
652 640
652 641
652 642
652 643
652 644
652 645
652 646
652 647
652 648
652 649
650 651
650 652
651 652
653 635
653 636
653 637
653 638
653 639
653 640
653 641
653 644
653 645
653 646
653 647
653 648
653 649
653 650
653 651
653 652
654 635
654 636
654 637
654 638
654 639
654 640
654 641
654 644
654 645
654 646
654 647
654 648
654 649
654 650
654 651
654 652
653 654
655 637
655 638
655 639
655 640
655 641
655 644
655 645
655 646
655 647
655 648
655 649
655 650
655 651
655 652
655 653
655 654
