0 1
0 2
0 3
0 4
0 5
0 6
0 7
0 8
0 9
0 10
0 11
0 12
0 13
0 14
0 15
0 16
0 17
0 18
0 19
0 20
0 21
0 22
0 23
0 24
0 25
0 26
0 27
0 28
0 29
0 30
0 31
1 2
1 3
1 4
1 5
1 6
1 7
1 8
1 9
1 10
1 11
1 12
1 13
1 14
1 15
1 16
1 18
1 19
1 21
1 22
1 23
1 25
1 26
1 27
1 29
1 30
1 31
2 3
2 4
2 5
2 6
2 7
2 8
2 9
2 11
2 12
2 13
2 14
2 15
2 16
2 17
2 18
2 19
2 20
2 21
2 23
2 24
2 25
2 26
2 27
2 28
2 29
2 30
2 31
3 4
3 5
3 6
3 7
3 8
3 9
3 10
3 11
3 12
3 13
3 14
3 17
3 18
3 20
3 21
3 23
3 24
3 25
3 26
3 27
3 28
3 29
3 30
4 5
4 6
4 7
4 8
4 9
4 10
4 11
4 12
4 13
4 14
4 15
4 16
4 17
4 18
4 19
4 20
4 21
4 22
4 23
4 24
4 25
4 26
4 27
4 28
4 29
4 30
4 31
5 6
5 7
5 8
5 9
5 10
5 11
5 12
5 13
5 14
5 15
5 16
5 17
5 18
5 19
5 20
5 21
5 22
5 23
5 24
5 25
5 26
5 27
5 28
5 30
5 31
6 7
6 8
6 9
6 10
6 11
6 12
6 13
6 14
6 17
6 18
6 19
6 20
6 21
6 22
6 23
6 24
6 25
6 26
6 27
6 28
6 30
7 8
7 9
7 10
7 11
7 12
7 13
7 14
7 17
7 18
7 20
7 21
7 24
7 25
7 26
7 27
7 28
7 29
8 9
8 10
8 11
8 12
8 13
8 14
8 15
8 16
8 17
8 18
8 19
8 20
8 21
8 23
8 24
8 25
8 26
8 27
8 28
8 29
9 10
9 11
9 12
9 13
9 14
9 15
9 17
9 18
9 19
9 20
9 21
9 23
9 24
9 25
9 26
9 27
9 28
9 29
10 11
10 12
10 13
10 14
10 16
10 17
10 18
10 19
10 20
10 21
10 22
10 23
10 24
10 25
10 26
10 27
10 28
10 30
10 31
11 12
11 13
11 14
11 15
11 16
11 17
11 18
11 19
11 20
11 21
11 22
11 23
11 24
11 25
11 26
11 27
11 28
11 30
11 31
12 13
12 14
12 15
12 16
12 17
12 18
12 19
12 20
12 21
12 22
12 23
12 24
12 25
12 26
12 27
12 28
12 29
12 30
12 31
13 14
13 15
13 16
13 17
13 18
13 19
13 20
13 21
13 22
13 23
13 24
13 25
13 26
13 27
13 28
13 29
13 30
13 31
14 15
14 16
14 18
14 19
14 20
14 21
14 22
14 23
14 24
14 25
14 26
14 27
14 28
14 29
14 30
14 31
15 16
15 18
15 19
15 21
15 22
15 23
15 25
15 27
15 29
15 30
15 31
16 18
16 19
16 21
16 22
16 23
16 25
16 29
16 30
16 31
17 18
17 20
17 21
17 24
17 26
17 27
17 28
18 19
18 20
18 21
18 22
18 23
18 24
18 25
18 26
18 27
18 28
18 30
18 31
19 21
19 22
19 23
19 25
19 27
19 29
19 30
19 31
20 21
20 24
20 25
20 26
20 27
20 28
20 29
21 22
21 23
21 24
21 25
21 26
21 27
21 28
21 29
21 30
21 31
22 23
22 25
22 30
22 31
23 25
23 26
23 27
23 29
23 30
23 31
24 25
24 26
24 27
24 28
25 26
25 27
25 28
25 29
25 30
25 31
26 27
26 28
26 29
26 30
27 28
27 29
29 31
30 31
32 3
32 4
32 5
32 6
32 10
32 11
32 12
32 13
32 14
32 17
32 18
32 20
32 21
32 24
32 25
32 26
32 27
32 28
32 30
33 0
33 1
33 2
33 3
33 4
33 7
33 8
33 9
33 11
33 12
33 13
33 14
33 17
33 18
33 20
33 21
33 24
33 25
33 26
33 27
33 28
33 29
34 0
34 1
34 2
34 3
34 4
34 5
34 7
34 8
34 9
34 11
34 12
34 13
34 14
34 15
34 16
34 17
34 18
34 19
34 20
34 21
34 23
34 24
34 25
34 26
34 27
34 28
34 29
34 30
34 31
34 33
35 0
35 1
35 2
35 4
35 5
35 6
35 8
35 9
35 10
35 11
35 12
35 13
35 14
35 15
35 16
35 18
35 19
35 21
35 22
35 23
35 25
35 27
35 29
35 30
35 31
35 34
36 0
36 1
36 2
36 3
36 4
36 5
36 6
36 7
36 8
36 9
36 10
36 11
36 12
36 13
36 14
36 17
36 18
36 20
36 21
36 24
36 25
36 26
36 27
36 28
36 29
36 32
36 33
36 34
37 1
37 3
37 4
37 5
37 6
37 10
37 11
37 12
37 13
37 14
37 16
37 17
37 18
37 19
37 20
37 21
37 22
37 23
37 24
37 25
37 26
37 27
37 30
37 31
37 32
37 35
38 0
38 1
38 2
38 3
38 4
38 5
38 6
38 7
38 8
38 9
38 10
38 11
38 12
38 13
38 14
38 15
38 16
38 17
38 18
38 19
38 20
38 21
38 22
38 23
38 24
38 25
38 26
38 27
38 28
38 29
38 30
38 31
38 33
38 34
38 35
38 36
39 0
39 1
39 2
39 3
39 4
39 5
39 7
39 8
39 9
39 11
39 12
39 13
39 14
39 15
39 16
39 18
39 19
39 20
39 21
39 23
39 25
39 26
39 27
39 28
39 29
39 30
39 31
39 33
39 34
39 35
39 36
39 38
40 0
40 1
40 2
40 3
40 4
40 5
40 6
40 7
40 8
40 9
40 10
40 11
40 12
40 13
40 14
40 15
40 16
40 18
40 19
40 20
40 21
40 22
40 23
40 24
40 25
40 26
40 27
40 28
40 29
40 30
40 31
40 32
40 33
40 34
40 35
40 36
40 37
40 38
39 40
41 0
41 3
41 4
41 5
41 6
41 7
41 8
41 9
41 10
41 11
41 12
41 13
41 14
41 17
41 18
41 20
41 21
41 22
41 24
41 25
41 26
41 27
41 28
41 30
41 32
41 36
41 37
41 38
41 40
42 0
42 1
42 2
42 3
42 4
42 5
42 6
42 7
42 8
42 9
42 10
42 11
42 12
42 13
42 14
42 15
42 16
42 17
42 18
42 19
42 20
42 21
42 22
42 23
42 24
42 25
42 26
42 27
42 28
42 29
42 30
42 31
42 32
42 33
42 34
42 35
42 36
42 37
42 38
42 39
42 40
42 41
43 0
43 1
43 2
43 3
43 4
43 5
43 6
43 7
43 8
43 9
43 10
43 11
43 12
43 13
43 14
43 15
43 16
43 17
43 18
43 19
43 20
43 21
43 22
43 23
43 24
43 25
43 26
43 27
43 28
43 30
43 31
43 32
43 33
43 34
43 35
43 36
43 37
43 38
43 39
43 40
43 41
43 42
44 0
44 2
44 3
44 4
44 5
44 6
44 7
44 8
44 9
44 10
44 11
44 12
44 13
44 14
44 17
44 18
44 20
44 21
44 24
44 25
44 26
44 27
44 28
44 30
44 32
44 33
44 34
44 36
44 37
44 38
44 39
44 40
44 41
44 42
45 0
45 1
45 2
45 7
45 8
45 9
45 12
45 13
45 14
45 15
45 16
45 19
45 21
45 22
45 23
45 25
45 27
45 29
45 30
45 31
45 33
45 34
45 35
45 36
45 38
45 39
45 40
43 44
46 1
46 3
46 4
46 5
46 6
46 8
46 10
46 11
46 12
46 13
46 14
46 17
46 18
46 19
46 20
46 21
46 22
46 23
46 24
46 25
46 26
46 27
46 28
46 30
46 32
46 35
46 36
46 37
46 38
46 40
46 41
46 42
46 43
46 44
47 3
47 4
47 5
47 6
47 7
47 10
47 11
47 12
47 13
47 14
47 17
47 18
47 20
47 21
47 24
47 25
47 26
47 27
47 28
47 30
47 32
47 36
47 37
47 40
47 41
47 42
47 43
47 44
47 46
48 3
48 4
48 5
48 6
48 10
48 11
48 12
48 13
48 14
48 17
48 18
48 20
48 21
48 22
48 24
48 25
48 26
48 30
48 32
48 37
48 40
48 41
48 42
48 43
48 44
48 46
49 0
49 1
49 2
49 3
49 4
49 7
49 8
49 9
49 11
49 12
49 13
49 14
49 15
49 16
49 18
49 19
49 20
49 21
49 23
49 25
49 26
49 27
49 28
49 29
49 31
49 33
49 34
49 35
49 36
49 38
49 39
49 40
49 42
49 45
47 48
50 0
50 2
50 3
50 4
50 5
50 6
50 7
50 8
50 9
50 10
50 11
50 12
50 13
50 17
50 18
50 20
50 21
50 24
50 25
50 26
50 27
50 28
50 32
50 33
50 34
50 36
50 37
50 38
50 41
50 42
50 43
50 44
50 46
50 47
50 48
51 0
51 1
51 2
51 3
51 4
51 7
51 8
51 9
51 12
51 13
51 14
51 15
51 16
51 19
51 20
51 21
51 23
51 25
51 26
51 27
51 29
51 31
51 33
51 34
51 35
51 36
51 38
51 39
51 40
51 42
51 45
51 49
52 0
52 1
52 2
52 7
52 8
52 9
52 14
52 15
52 16
52 19
52 21
52 23
52 25
52 27
52 29
52 31
52 33
52 34
52 35
52 36
52 38
52 39
52 40
52 45
52 49
51 52
53 0
53 1
53 2
53 3
53 4
53 7
53 8
53 9
53 11
53 12
53 13
53 14
53 15
53 16
53 19
53 20
53 21
53 23
53 25
53 26
53 27
53 28
53 29
53 31
53 33
53 34
53 35
53 36
53 38
53 39
53 40
53 42
53 45
53 49
53 51
53 52
54 3
54 4
54 5
54 6
54 7
54 8
54 10
54 11
54 12
54 13
54 14
54 17
54 18
54 20
54 21
54 24
54 25
54 26
54 27
54 28
54 32
54 36
54 37
54 40
54 41
54 42
54 43
54 44
54 46
54 47
54 48
54 50
55 0
55 1
55 2
55 3
55 4
55 5
55 6
55 8
55 9
55 10
55 11
55 12
55 13
55 14
55 15
55 16
55 17
55 18
55 19
55 20
55 21
55 22
55 23
55 24
55 25
55 26
55 27
55 28
55 30
55 31
55 32
55 34
55 35
55 36
55 37
55 38
55 39
55 40
55 41
55 42
55 43
55 44
55 46
55 47
55 48
55 50
56 0
56 2
56 3
56 4
56 5
56 6
56 7
56 8
56 9
56 10
56 11
56 12
56 13
56 17
56 18
56 20
56 21
56 24
56 26
56 27
56 28
56 32
56 33
56 34
56 36
56 38
56 39
56 41
56 42
56 43
56 44
56 46
56 47
56 50
54 55
54 56
57 0
57 2
57 3
57 4
57 5
57 6
57 7
57 8
57 9
57 10
57 11
57 12
57 13
57 14
57 17
57 18
57 20
57 21
57 24
57 25
57 26
57 27
57 28
57 32
57 33
57 34
57 36
57 37
57 38
57 39
57 40
57 41
57 42
57 43
57 44
57 46
57 47
57 48
57 50
57 54
57 55
57 56
58 0
58 2
58 3
58 4
58 7
58 8
58 9
58 11
58 12
58 13
58 17
58 20
58 21
58 24
58 26
58 27
58 28
58 29
58 33
58 34
58 36
58 38
58 39
58 40
58 41
58 42
58 43
58 44
58 49
58 50
58 51
58 53
58 56
58 57
59 34
59 35
59 36
59 37
59 38
59 39
59 40
59 41
59 42
59 43
59 44
59 45
59 46
59 47
59 48
59 49
59 50
59 51
59 52
59 53
59 54
59 55
59 56
59 57
59 58
60 38
60 39
60 40
60 41
60 42
60 43
60 44
60 45
60 46
60 47
60 48
60 54
60 55
60 59
61 39
61 40
61 41
61 42
61 43
61 44
61 45
61 46
61 49
61 50
61 51
61 52
61 53
61 55
61 56
61 57
61 58
61 59
61 60
62 43
62 44
62 46
62 47
62 48
62 50
62 54
62 55
62 56
62 57
62 58
62 59
62 60
62 61
63 50
63 53
63 54
63 56
63 57
63 58
63 59
63 61
63 62
64 58
64 59
64 61
64 62
64 63
65 61
65 62
65 63
65 64
66 62
66 63
66 64
66 65
67 63
67 64
67 65
67 66
68 63
68 64
68 65
68 66
67 68
69 65
69 66
69 67
69 68
70 69
71 70
72 70
72 71
73 70
73 71
73 72
74 70
74 71
74 72
73 74
75 70
75 71
75 72
75 73
75 74
76 70
76 71
76 72
76 73
76 74
76 75
77 70
77 71
77 72
77 73
77 74
77 75
77 76
78 71
78 72
78 73
78 74
78 75
78 76
78 77
79 71
79 72
79 73
79 74
79 76
79 77
79 78
80 71
80 72
80 73
80 74
80 75
80 76
80 77
80 78
80 79
81 71
81 72
81 73
81 74
81 75
81 76
81 77
81 78
81 79
81 80
82 71
82 72
82 73
82 74
82 75
82 76
82 77
82 78
82 79
82 80
82 81
83 71
83 72
83 73
83 74
83 75
83 76
83 77
83 78
83 80
83 81
83 82
84 76
84 77
84 78
84 79
84 80
84 81
84 82
84 83
85 78
85 80
85 81
85 82
85 83
85 84
86 80
86 81
86 82
86 83
86 84
86 85
87 81
87 82
87 83
87 84
87 85
87 86
88 83
88 84
88 85
88 86
88 87
89 83
89 84
89 85
89 86
89 87
89 88
90 83
90 84
90 85
90 86
90 87
90 88
89 90
91 84
91 85
91 86
91 87
91 88
91 89
91 90
92 84
92 85
92 86
92 87
92 88
92 89
92 90
92 91
93 85
93 86
93 87
93 88
93 89
93 90
93 91
93 92
94 85
94 86
94 87
94 88
94 89
94 90
94 91
94 92
94 93
95 86
95 87
95 88
95 89
95 90
95 91
95 92
95 93
95 94
96 86
96 87
96 88
96 89
96 90
96 91
96 92
96 93
96 94
95 96
97 86
97 87
97 88
97 89
97 90
97 91
97 92
97 93
97 94
97 95
97 96
98 86
98 87
98 88
98 89
98 90
98 91
98 92
98 93
98 94
98 95
98 96
98 97
99 86
99 87
99 88
99 89
99 90
99 91
99 92
99 93
99 94
99 95
99 96
99 97
99 98
100 86
100 87
100 88
100 89
100 90
100 91
100 92
100 93
100 94
100 95
100 96
100 97
100 98
100 99
101 87
101 88
101 89
101 90
101 91
101 92
101 93
101 94
101 95
101 96
101 97
101 98
101 99
101 100
102 88
102 89
102 90
102 91
102 92
102 93
102 94
102 95
102 96
102 97
102 98
102 99
102 100
102 101
103 89
103 90
103 91
103 92
103 93
103 94
103 95
103 96
103 97
103 98
103 99
103 100
103 101
103 102
104 91
104 92
104 93
104 94
104 95
104 96
104 97
104 98
104 99
104 100
104 101
104 102
104 103
105 92
105 93
105 94
105 95
105 96
105 97
105 98
105 99
105 100
105 101
105 102
105 103
105 104
106 92
106 93
106 94
106 95
106 96
106 97
106 98
106 99
106 100
106 101
106 102
106 103
106 104
105 106
107 92
107 93
107 94
107 95
107 96
107 97
107 98
107 99
107 100
107 101
107 102
107 103
107 104
107 105
107 106
108 93
108 94
108 95
108 96
108 97
108 98
108 99
108 100
108 101
108 102
108 103
108 104
108 105
108 106
108 107
109 93
109 94
109 95
109 96
109 97
109 98
109 99
109 100
109 101
109 102
109 103
109 104
109 105
109 106
109 107
108 109
110 93
110 94
110 95
110 96
110 97
110 98
110 99
110 100
110 101
110 102
110 103
110 104
110 105
110 106
110 107
110 108
110 109
111 94
111 95
111 96
111 97
111 98
111 100
111 102
111 103
111 104
111 105
111 106
111 107
111 108
111 109
112 94
112 95
112 96
112 97
112 98
112 99
112 100
112 101
112 102
112 103
112 104
112 105
112 106
112 107
112 108
112 109
112 110
112 111
113 94
113 95
113 96
113 97
113 98
113 99
113 100
113 101
113 102
113 103
113 104
113 105
113 106
113 107
113 108
113 109
113 110
113 111
112 113
114 95
114 96
114 97
114 98
114 99
114 100
114 101
114 102
114 103
114 104
114 105
114 106
114 107
114 108
114 109
114 110
114 113
115 95
115 96
115 97
115 98
115 99
115 100
115 101
115 102
115 103
115 104
115 105
115 106
115 107
115 108
115 109
115 110
115 111
115 112
115 113
114 115
116 97
116 98
116 99
116 100
116 101
116 102
116 103
116 104
116 105
116 106
116 107
116 108
116 109
116 110
116 111
116 112
116 113
116 114
116 115
117 97
117 98
117 99
117 100
117 101
117 102
117 103
117 104
117 105
117 106
117 107
117 108
117 109
117 110
117 111
117 112
117 113
117 114
117 115
117 116
118 97
118 98
118 99
118 100
118 101
118 102
118 103
118 104
118 105
118 106
118 107
118 108
118 109
118 110
118 111
118 112
118 113
118 114
118 115
118 116
118 117
119 98
119 99
119 100
119 101
119 102
119 103
119 104
119 105
119 106
119 107
119 108
119 109
119 110
119 111
119 112
119 113
119 114
119 115
119 116
119 117
119 118
120 99
120 100
120 101
120 102
120 103
120 104
120 105
120 106
120 107
120 108
120 109
120 110
120 111
120 112
120 113
120 115
120 116
120 117
120 118
120 119
121 99
121 100
121 101
121 102
121 103
121 104
121 105
121 106
121 107
121 108
121 109
121 110
121 111
121 112
121 113
121 114
121 115
121 116
121 117
121 118
121 119
122 101
122 102
122 103
122 104
122 105
122 106
122 107
122 108
122 109
122 110
122 111
122 112
122 113
122 114
122 115
122 116
122 117
122 118
122 119
122 120
122 121
123 101
123 102
123 103
123 104
123 105
123 106
123 107
123 108
123 109
123 110
123 111
123 112
123 113
123 114
123 115
123 116
123 117
123 118
123 119
123 120
123 121
122 123
124 101
124 102
124 103
124 104
124 105
124 106
124 107
124 108
124 109
124 111
124 112
124 113
124 115
124 116
124 117
124 118
124 119
124 120
124 121
124 122
124 123
125 102
125 103
125 104
125 105
125 106
125 107
125 108
125 109
125 110
125 111
125 112
125 113
125 114
125 115
125 116
125 117
125 118
125 119
125 120
125 121
125 122
125 123
125 124
126 102
126 103
126 104
126 105
126 106
126 107
126 108
126 109
126 110
126 111
126 112
126 113
126 115
126 116
126 117
126 118
126 119
126 120
126 122
126 123
126 124
126 125
127 103
127 104
127 105
127 106
127 107
127 108
127 109
127 110
127 111
127 112
127 113
127 114
127 115
127 116
127 117
127 118
127 119
127 120
127 121
127 122
127 123
127 124
127 125
128 103
128 104
128 105
128 106
128 107
128 108
128 109
128 110
128 111
128 112
128 113
128 114
128 115
128 116
128 117
128 118
128 119
128 120
128 121
128 122
128 123
128 124
128 125
128 126
127 128
129 103
129 104
129 105
129 106
129 107
129 108
129 109
129 110
129 112
129 113
129 114
129 115
129 116
129 117
129 118
129 119
129 121
129 122
129 123
129 125
129 127
129 128
130 103
130 104
130 105
130 106
130 107
130 108
130 109
130 110
130 111
130 112
130 113
130 114
130 115
130 116
130 117
130 118
130 119
130 120
130 121
130 122
130 123
130 124
130 125
130 126
130 127
130 128
129 130
131 107
131 108
131 109
131 110
131 111
131 112
131 113
131 115
131 116
131 117
131 118
131 119
131 120
131 121
131 122
131 123
131 124
131 125
131 126
131 127
131 128
131 129
131 130
132 108
132 109
132 110
132 112
132 113
132 114
132 115
132 116
132 117
132 118
132 119
132 121
132 122
132 123
132 125
132 127
132 128
132 129
132 130
132 131
133 108
133 109
133 110
133 112
133 113
133 114
133 115
133 116
133 117
133 118
133 119
133 121
133 122
133 123
133 125
133 127
133 128
133 129
133 130
133 131
133 132
134 111
134 112
134 113
134 114
134 115
134 116
134 117
134 118
134 119
134 120
134 121
134 122
134 123
134 124
134 125
134 126
134 127
134 128
134 129
134 130
134 131
134 132
134 133
135 111
135 112
135 113
135 114
135 115
135 116
135 117
135 118
135 119
135 120
135 121
135 122
135 123
135 124
135 125
135 126
135 127
135 128
135 129
135 130
135 131
135 132
135 133
135 134
136 112
136 113
136 114
136 115
136 116
136 117
136 118
136 119
136 121
136 122
136 123
136 125
136 127
136 128
136 129
136 130
136 131
136 132
136 133
136 134
136 135
137 114
137 115
137 116
137 117
137 118
137 119
137 120
137 121
137 122
137 123
137 125
137 126
137 127
137 128
137 129
137 130
137 131
137 132
137 133
137 134
137 135
137 136
138 114
138 115
138 116
138 117
138 118
138 119
138 120
138 121
138 122
138 123
138 124
138 125
138 126
138 127
138 128
138 129
138 130
138 131
138 132
138 133
138 134
138 135
138 136
137 138
139 118
139 119
139 120
139 121
139 122
139 123
139 125
139 127
139 128
139 129
139 130
139 131
139 132
139 133
139 134
139 135
139 136
139 137
139 138
140 119
140 121
140 122
140 123
140 125
140 127
140 128
140 129
140 130
140 131
140 132
140 133
140 134
140 135
140 136
140 137
140 138
140 139
141 121
141 122
141 124
141 125
141 126
141 127
141 128
141 130
141 131
141 134
141 135
141 138
142 124
142 125
142 127
142 128
142 132
142 134
142 136
142 138
142 139
142 140
142 141
