1.0000000000000000 0.0000000000000000 -0.0000000000000000 -0.0000000000000000 -0.0000000000000000 1.0000000000000000 -0.0000000000000000 -0.0000000000000000 0.0000000000000000 0.0000000000000000 1.0000000000000000 0.0000000000000000
0.9999997154390186 -0.0002849329495073 0.0006985235116372 1.3360909829321821 0.0002851747267675 0.9999998994620366 -0.0003460509962456 -0.0202091026030191 -0.0006984248400780 0.0003462500990245 0.9999996961567597 0.0125482121954326
0.9999996288922561 -0.0001524927909543 0.0008479158559657 2.6391302693988190 0.0001534564072091 0.9999993424049163 -0.0011365037905915 -0.0135262181332153 -0.0008477419897455 0.0011366334869470 0.9999989946984122 0.0230854136175106
0.9999996670848327 -0.0005665660154565 0.0005872249773353 3.9719733682322826 0.0005675345732487 0.9999984768281769 -0.0016505289559123 -0.0043061920247841 -0.0005862889492769 0.0016508616769031 0.9999984654593185 0.0488397281598744
0.9999999549741836 -0.0000832450482036 0.0002883086759726 5.2989619470695661 0.0000839023351366 0.9999973960418722 -0.0022805415745381 -0.0062370663652110 -0.0002881180814356 0.0022805656616260 0.9999973580006269 0.0592550340647339
0.9999996600279273 -0.0003305095787492 0.0007554518173025 6.6097958053351284 0.0003324024376575 0.9999968026064383 -0.0025068477256267 -0.0020088828950848 -0.0007546208646399 0.0025070979873941 0.9999965724976423 0.0687462161519765
0.9999985528849445 -0.0002536460560588 0.0016822281935018 7.9552947748378076 0.0002596630264207 0.9999935668968397 -0.0035775326760779 -0.0003889318014290 -0.0016813099445006 0.0035779643114404 0.9999921856535963 0.0963389685516045
0.9999979191732461 -0.0001323497985182 0.0020357142993822 9.2853694522641934 0.0001398824961626 0.9999931430640990 -0.0037005753162909 -0.0055332034510662 -0.0020352105702223 0.0037008523768324 0.9999910807650335 0.1028443412374330
0.9999991574880059 -0.0004026416440390 0.0012340595548252 10.6027455775309196 0.0004065445950395 0.9999949116617983 -0.0031640752210506 0.0055329616504697 -0.0012327792870640 0.0031645742555213 0.9999942328458753 0.1216411272500966
0.9999994360709979 -0.0002646201966144 -0.0010285104946734 11.9444927990818499 0.0002639104368414 0.9999997270154861 -0.0006901595717406 0.0212352804689756 0.0010286928440675 0.0006898877478857 0.9999992329226698 0.1346722521205892
0.9999975755663030 -0.0004273203284577 -0.0021601525068898 13.2890928626044715 0.0004322144475613 0.9999973399455877 0.0022656770334840 0.0247042394568159 0.0021591785909125 -0.0022666051896227 0.9999951002123595 0.1550066562145079
0.9999976041561081 -0.0003624070099356 -0.0021587828059036 14.6254338345805035 0.0003736624134937 0.9999863285744064 0.0052156534279152 0.0310402705755198 0.0021568631029015 -0.0052164475880173 0.9999840681811469 0.1669902599404145
0.9999989967054815 0.0001573278095515 -0.0014077769676287 15.9891104684709742 -0.0001490991909700 0.9999829165894529 0.0058433123040425 0.0467968192371827 0.0014086722335221 -0.0058430965430723 0.9999819367695233 0.1896220701281812
0.9999996391183545 0.0000310283156949 0.0008489996491426 17.3412035158576074 -0.0000343587510116 0.9999923042489099 0.0039230424968130 0.0398609897695305 -0.0008488713900515 -0.0039230702516265 0.9999919444361359 0.2061081009574901
0.9999954374180929 0.0006171480143936 0.0029570714102487 18.6873332446534164 -0.0006157563731526 0.9999996992649316 -0.0004715019992433 0.0409071025427635 -0.0029573615074762 0.0004696790124101 0.9999955166972196 0.2233628753174818
0.9999991808573859 -0.0000156511087750 0.0012798592109514 20.0299411464695822 0.0000188403698907 0.9999968950093664 -0.0024919102445326 0.0448108504303593 -0.0012798162358423 0.0024919323163236 0.9999960761641684 0.2547464121120765
0.9999992728743532 0.0003197598751499 -0.0011627572348680 21.3894221679191041 -0.0003233156997548 0.9999952683816398 -0.0030591961837414 0.0391146164954273 0.0011617735249547 0.0030595698969905 0.9999946446428212 0.2608615155767640
0.9999976390725975 0.0004248752530572 -0.0021310397111267 22.7527166594800576 -0.0004270467273184 0.9999993900193648 -0.0010186225949753 0.0453964578126838 0.0021306056237010 0.0010195302436157 0.9999972105349888 0.3030164708465931
0.9999986875885948 0.0011748467215916 -0.0011155968217675 24.1129262436830665 -0.0011734427784210 0.9999985198681135 0.0012582899617951 0.0586903064098707 0.0011170734683735 -0.0012569792213669 0.9999985860740520 0.2928357577694943
0.9999932039276364 0.0019346408359742 0.0031383536092154 25.5007762221343199 -0.0019384167317787 0.9999974006065081 0.0012005502075589 0.0555130632325454 -0.0031360228179423 -0.0012066254856792 0.9999943546919766 0.3044021235852504
0.9999890833952714 0.0017267554128581 0.0043418205892517 26.8682106808109040 -0.0017251976524278 0.9999984461421447 -0.0003625001462532 0.0519225432920659 -0.0043424397917694 0.0003550056902945 0.9999905085487636 0.3132134239308223
0.9999916968164412 0.0021615049548146 0.0034545903527331 28.2423052232226262 -0.0021477608899608 0.9999897841963725 -0.0039772636387113 0.0581492177062751 -0.0034631519363781 0.0039698109807108 0.9999861234934427 0.3603906016112084
0.9999979024019024 0.0018070902156222 0.0009641663486086 29.6104374771958447 -0.0018028165694430 0.9999886283654799 -0.0044150868783156 0.0549856134990937 -0.0009721338447602 0.0044133394021688 0.9999897886434187 0.3451806461262635
0.9999949795066471 0.0030193651308588 -0.0009614549947702 30.9904532148091931 -0.0030234716398347 0.9999861897077996 -0.0042987222426695 0.0609298342106868 0.0009484623047490 0.0043016075928728 0.9999902982486247 0.3898939066526263
0.9999925673847805 0.0029963446678436 -0.0024263334121208 32.3693902673410463 -0.0030007396941808 0.9999938601170442 -0.0018097760914989 0.0623878912674359 0.0024208958017759 0.0018170434351106 0.9999954187978423 0.3827529659658743
0.9999859378175036 0.0035799510256430 -0.0039125589965968 33.7531287527447290 -0.0035813608969574 0.9999935244609193 -0.0003533982945350 0.0668762768123563 0.0039112685120811 0.0003674056107811 0.9999922834660994 0.4219840018252578
0.9999838933794358 0.0040346720702237 -0.0039917919523447 35.1516719281306749 -0.0040331456960001 0.9999917906460228 0.0003903541413020 0.0724063572093523 0.0039933341332629 -0.0003742483754840 0.9999919565779785 0.4295269871855861
0.9999908181847140 0.0034433159801894 -0.0025509059815798 36.5307900285332821 -0.0034433870252036 0.9999940712501477 -0.0000234595199137 0.0620491473717801 0.0025508100793565 0.0000322430610722 0.9999967461588682 0.4624405576108668
0.9999937957761098 0.0032719653007752 -0.0013048572176695 37.9435303067850640 -0.0032704406505505 0.9999939689631718 0.0011688692117374 0.0677879689846611 0.0013086738475295 -0.0011645945017233 0.9999984655450264 0.4801933970783749
0.9999950503588284 0.0030201769865353 -0.0008819233606928 39.3311404095208417 -0.0030166856738660 0.9999877131154092 0.0039336021353273 0.0783475501583487 0.0008937926992455 -0.0039309221798406 0.9999918744597012 0.5016564379394273
0.9999948609675525 0.0030815052953130 -0.0008845131995743 40.7206532496502405 -0.0030758860241807 0.9999755152610235 0.0062855233367528 0.0723163907675799 0.0009038604159455 -0.0062827703734556 0.9999798547134752 0.5233246527001869
0.9999935616794783 0.0035443175924502 -0.0005607248837080 42.1285464218879824 -0.0035396088266124 0.9999602225301761 0.0081868508448095 0.0882197873662239 0.0005897193789668 -0.0081848133884920 0.9999663299635891 0.5317151201308785
0.9999955688511102 0.0029315765772439 -0.0005178193857482 43.5235574109909180 -0.0029265447496328 0.9999509274607649 0.0094645658212412 0.0802005144483009 0.0005455400745114 -0.0094630084607362 0.9999550759193631 0.5517554531600976
0.9999955223046434 0.0029494903706746 -0.0005058430751609 44.9551352598848126 -0.0029452227431527 0.9999617173065450 0.0082395135984160 0.0849998388073063 0.0005301260761431 -0.0082379868838548 0.9999659266887272 0.5719511726410224
0.9999976033087956 0.0018457901283690 -0.0011774699430033 46.3641200353778160 -0.0018363991164078 0.9999668912590759 0.0079274222761758 0.0854579053506469 0.0011920633162368 -0.0079252409718297 0.9999678842545837 0.5939971862686140
0.9999985477298078 0.0015512473623433 -0.0007058115159650 47.7877153018136411 -0.0015459617432553 0.9999712123685880 0.0074286227784663 0.0828051737008604 0.0007173148288142 -0.0074275208324972 0.9999721583092798 0.6189989339419504
0.9999997687039927 0.0006747387219767 0.0000855547670378 49.1677023187496829 -0.0006753692211611 0.9999709134936635 0.0075971075458475 0.0904683798504022 -0.0000804262159124 -0.0075971635697232 0.9999711379021490 0.6379676948840978
0.9999999009250506 -0.0004427941521761 0.0000456423903917 50.5837422841341251 0.0004424099483863 0.9999671007377473 0.0080994886000049 0.0913589224232948 -0.0000492272949785 -0.0080994676049009 0.9999671975625953 0.6569525901860405
0.9999990608387652 -0.0013460678728520 0.0002577263455898 52.0249831211431015 0.0013437481689485 0.9999603882027872 0.0087986570673853 0.1063613431679978 -0.0002695597261887 -0.0087983024847227 0.9999612578549938 0.6769252530795041
0.9999965726105673 -0.0023213820291047 0.0012107652924753 53.4497848184793654 0.0023107316770558 0.9999592681278214 0.0087248268973321 0.1203016928429926 -0.0012309696321046 -0.0087219992402378 0.9999612049689819 0.6977712170120871
0.9999930566263389 -0.0029740234926474 0.0022454138542814 54.8869333184617716 0.0029572602975932 0.9999680072790832 0.0074322964036523 0.1267574987264287 -0.0022674458414914 -0.0074256045251983 0.9999698590891584 0.7116046769630727
0.9999917018170437 -0.0033695737803469 0.0022896003126241 56.2892411497474043 0.0033574417077675 0.9999804132266906 0.0052821158787078 0.1336568764575942 -0.0023073539459115 -0.0052743848471601 0.9999834283538165 0.7253696108520203
0.9999900731083261 -0.0039955441190244 0.0019721338690681 57.7216570615026896 0.0039890825224298 0.9999866984461822 0.0032695796876207 0.1425427964648843 -0.0019851713865158 -0.0032616802261083 0.9999927102417641 0.7458218520912301
0.9999895756706586 -0.0040443486601523 0.0021193852720428 59.1702833769855729 0.0040396365193375 0.9999893698879692 0.0022229367634036 0.1543051647278568 -0.0021283530740606 -0.0022143520446351 0.9999952833679839 0.7653247562561862
0.9999891503326774 -0.0037787185811317 0.0027240599873158 60.5878483923269968 0.0037754794314945 0.9999921609213606 0.0011932522323381 0.1590617689861140 -0.0027285475975777 -0.0011829546534961 0.9999955778133699 0.7875155984192656
0.9999895343642126 -0.0030509139640505 0.0034092647344040 62.0296635154581892 0.0030534396004892 0.9999950674989009 -0.0007358562868833 0.1718278160100244 -0.0034070028839807 0.0007462585696280 0.9999939176962507 0.7973305465920530
0.9999903969554498 -0.0029070555931563 0.0032794854261491 63.4188967527104666 0.0029149524421124 0.9999928576858691 -0.0024057492615340 0.1839176403852671 -0.0032724683561876 0.0024152857030685 0.9999917286387074 0.8147060151275410
0.9999941055668127 -0.0024064700167153 0.0024490270903081 64.8502710546047894 0.0024145778491337 0.9999915966225215 -0.0033130798587912 0.1819690787056807 -0.0024410336828659 0.0033189736966275 0.9999915128480642 0.8309886600102807
0.9999958048192551 -0.0017577403679825 0.0023023233241511 66.2746320439557621 0.0017649430445144 0.9999935435426409 -0.0031301516068555 0.1830131525337097 -0.0022968064654614 0.0031342019448410 0.9999924507006186 0.8569859432664635
0.9999966897457012 -0.0015025998888160 0.0020887056312224 67.6918719470629782 0.0015064908015388 0.9999971307650452 -0.0018625109776956 0.1919002422396513 -0.0020859010294472 0.0018656514281312 0.9999960841731552 0.8762764502916321
0.9999956812322667 -0.0006610332901861 0.0028636605602044 69.1208274802513642 0.0006589205225906 0.9999995100978196 0.0007386662748838 0.2007700932940616 -0.0028641474402889 -0.0007367761600429 0.9999956269006032 0.8978427801911417
0.9999912751514698 -0.0003979775719808 0.0041582730537492 70.5328600437263873 0.0003792566547019 0.9999897944402140 0.0045019084629155 0.2180101462967675 -0.0041600222748443 -0.0045002921317183 0.9999812206163684 0.9106178901978428
0.9999879355086160 0.0005053128361299 0.0048860511820738 71.9418239690675989 -0.0005452114448950 0.9999664932063728 0.0081679378688674 0.2361763503388340 -0.0048817601023153 -0.0081705032578762 0.9999547046215725 0.9353319627525505
0.9999890280328291 0.0007199439728572 0.0046287681551141 73.3244323324466620 -0.0007760969623161 0.9999259944730940 0.0121409740341971 0.2299228180161754 -0.0046196847796073 -0.0121444331967331 0.9999155820642396 0.9390760976277955
0.9999898988560764 0.0019916367165189 0.0040293385317730 74.7391974428003323 -0.0020550452152406 0.9998731511943136 0.0157942492672671 0.2623087874679561 -0.0039973710082420 -0.0158023702001524 0.9998671442352128 0.9628120105598974
0.9999890602315094 0.0026106853175199 0.0038812033540647 76.1345393779378696 -0.0026802330215556 0.9998339759900580 0.0180232296457211 0.2689824785678976 -0.0038335060001101 -0.0180334350051542 0.9998300352828284 0.9715802744745269
0.9999862088666327 0.0029591477433560 0.0043388386893547 77.5215993737965903 -0.0030365950989048 0.9998342170461000 0.0179532034472298 0.2791721919469894 -0.0042849932023934 -0.0179661311485057 0.9998294139326018 0.9902556794880794
0.9999844050628903 0.0033752943072368 0.0044493841547907 78.9294355775613212 -0.0034493518951556 0.9998538725984824 0.0167432201598505 0.2976341982695888 -0.0043922206821554 -0.0167583065420517 0.9998499225180356 1.0143339816813697
0.9999892876334094 0.0030801971472604 0.0034549969551754 80.3176926968622240 -0.0031359460020923 0.9998630737091982 0.0162480668224382 0.3030061834723052 -0.0034044766261826 -0.0162587274510788 0.9998620221413419 1.0230269722988827
0.9999914032932375 0.0024141097428486 0.0033712629341200 81.6950024257160408 -0.0024664997945334 0.9998749038722777 0.0156234754509680 0.2737436313141706 -0.0033331244178780 -0.0156316563598653 0.9998722626421147 1.0448173665521343
0.9999911753100618 0.0024050992843001 0.0034445318163841 83.0768439403415897 -0.0024575887615646 0.9998796797489714 0.0153162097979066 0.2982873089044638 -0.0034072803642281 -0.0153245398797849 0.9998767668657935 1.0575063400930886
0.9999931365696131 0.0018677802984567 0.0031997203665060 84.4625211036393466 -0.0019160940250350 0.9998831926162088 0.0151634332294682 0.2962177338632165 -0.0031710246536982 -0.0151694601213759 0.9998799088301913 1.0807957792236960
0.9999937574712235 0.0014315818347849 0.0032304166966498 85.8323524194208289 -0.0014800482507577 0.9998856323461789 0.0150509695653599 0.3100448754513264 -0.0032085005468457 -0.0150556567818304 0.9998815093415362 1.0919748249667209
0.9999922251378957 0.0001131124973473 0.0039416835645671 87.2256123104679943 -0.0001701105636546 0.9998953908497366 0.0144630017578912 0.2963411590227367 -0.0039396352821509 -0.0144635598320598 0.9998876360425846 1.1159153815520455
0.9999870432343191 -0.0013058973600659 0.0049201621486412 88.5839366459794633 0.0012417508599284 0.9999144905432743 0.0130180511746627 0.2840239071141158 -0.0049367416669110 -0.0130117728872450 0.9999031564846892 1.1345083002419880
0.9999821803190849 -0.0020909523924894 0.0055916868994548 89.9565953132653391 0.0020320014860989 0.9999425188728929 0.0105275790234376 0.3060948721892515 -0.0056133781495356 -0.0105160291092491 0.9999289490346420 1.1515769043423971
0.9999786508705365 -0.0032305258614720 0.0056799212846635 91.3107329467459579 0.0031759269883079 0.9999489186760451 0.0095954951082829 0.3081101699195586 -0.0057106296418653 -0.0095772512375161 0.9999378305513933 1.1653525359483046
0.9999807729775341 -0.0033743579256067 0.0052026323955558 92.6698648587741474 0.0033340394156511 0.9999644959381707 0.0077389304361220 0.3229419401260127 -0.0052285616022264 -0.0077214358580607 0.9999565198406687 1.1728762579735044
0.9999818730361405 -0.0035200111580076 0.0048849893121246 94.0438304880478597 0.0034865198787382 0.9999704766949339 0.0068476213126745 0.3339763787273403 -0.0049089487945214 -0.0068304655737463 0.9999646228551181 1.1934803227759896
0.9999840688691614 -0.0035180068803548 0.0044142536703363 95.4065728406211520 0.0034870298722890 0.9999693800812421 0.0070056778834046 0.3463712896797307 -0.0044387645292429 -0.0069901736406213 0.9999657168332962 1.2037713237504932
0.9999853390290933 -0.0038474700691870 0.0038103413149090 96.7692924368908507 0.0038221962516180 0.9999707948903483 0.0066181706066775 0.3478674836892467 -0.0038356932467951 -0.0066035097055796 0.9999708401332935 1.2199852099808548
0.9999888846198031 -0.0034186427440002 0.0032470784762661 98.1204995336185561 0.0033936604928394 0.9999648390352579 0.0076683610797869 0.3733408865999318 -0.0032731796928181 -0.0076572563610960 0.9999653257587080 1.2387514598873786
0.9999891973739693 -0.0033503512599213 0.0032218444717013 99.4446355748322475 0.0033212177881224 0.9999539322619722 0.0090057129769382 0.3736227704115524 -0.0032518683504330 -0.0089949152444188 0.9999542573797949 1.2511390756015637
0.9999859518376096 -0.0029642689818849 0.0043942276719410 100.8274445549198219 0.0029238771809503 0.9999536789046677 0.0091701138079896 0.4003590588963331 -0.0044212068104235 -0.0091571368027238 0.9999482985514380 1.2739359630810634
0.9999796253075767 -0.0029550836092093 0.0056583081023626 102.1533911045692236 0.0028972484436169 0.9999437575021591 0.0102023420800910 0.4100376737354109 -0.0056881386388378 -0.0101857406861661 0.9999319455670469 1.2918582906176468
0.9999836945259568 -0.0031854159760936 0.0047395999068688 103.5022678844097470 0.0031397939697055 0.9999489683032321 0.0096022124080611 0.4133107725147010 -0.0047699450778540 -0.0095871744722295 0.9999426652111576 1.3077010630596153
0.9999923706296581 -0.0030264184084314 0.0024697113381225 104.8241500216658437 0.0030029225890206 0.9999507207648382 0.0094624784176817 0.4254949034905825 -0.0024982270515094 -0.0094549898729639 0.9999521798706682 1.3217340915669622
0.9999955411471805 -0.0025595686333926 0.0015382763629123 106.1577284437116901 0.0025451389616791 0.9999534193313541 0.0093102865261511 0.4348600178726421 -0.0015620350263310 -0.0093063298858487 0.9999554751440848 1.3353695934713614
0.9999929884703501 -0.0029248467685359 0.0023384356991038 107.4817246767829744 0.0029084541936738 0.9999713889288731 0.0069829949064660 0.4416500902903174 -0.0023587929840405 -0.0069761447118745 0.9999728843826804 1.3566978479891481
0.9999885624749252 -0.0021562719428366 0.0042691229358164 108.8168578034709952 0.0021373130162932 0.9999878566993007 0.0044405345409402 0.4490449761645445 -0.0042786460946147 -0.0044313593001962 0.9999810279412052 1.3734783598585061
0.9999871107396490 -0.0016347709968036 0.0048068574304831 110.1477672918277335 0.0016214309358548 0.9999948273721847 0.0027778031958346 0.4640765784615234 -0.0048113736384980 -0.0027699734046639 0.9999845888467723 1.3917371288250162
0.9999921849636348 -0.0006488964606919 0.0038998647462131 111.4742998501206444 0.0006391006202126 0.9999966392841350 0.0025125626027970 0.4676816418410801 -0.0039014820328559 -0.0025100505610508 0.9999892389841644 1.4102247843029947
0.9999982328284179 0.0006147890155399 0.0017766188413689 112.7911646629297735 -0.0006221945390210 0.9999911086853716 0.0041707821996595 0.4844375531000966 -0.0017740388938092 -0.0041718802317127 0.9999897240478701 1.4148482667555695
0.9999982334349928 0.0018757139775232 -0.0001217537187960 114.1129485764480620 -0.0018748706976262 0.9999765178625730 0.0065915539374604 0.5070077142170468 0.0001341147296126 -0.0065913140205722 0.9999782680602222 1.4417254841473566
0.9999946130067393 0.0032660457789296 -0.0003269594342519 115.4399977598665856 -0.0032630635732058 0.9999564808506658 0.0087400698434994 0.5198323443353434 0.0003554906734753 -0.0087389558713822 0.9999617514068521 1.4539821099733843
0.9999894508923712 0.0043897402725614 0.0013521406411159 116.7674230680177772 -0.0044035703960118 0.9999362113049838 0.0104010522930279 0.5239299518220443 -0.0013063964717012 -0.0104068968177063 0.9999449934005792 1.4788551680077606
0.9999797861630653 0.0053042636260795 0.0035060023752667 118.1135765806898519 -0.0053375187513929 0.9999402011543295 0.0095448943953157 0.5305632611708505 -0.0034551640842159 -0.0095634148097972 0.9999483001327253 1.4879939364605315
0.9999729196692757 0.0061123141669168 0.0040987246344536 119.4914901332349473 -0.0061525766479128 0.9999322279340707 0.0098835893984578 0.5219879065068193 -0.0040380352519172 -0.0099085394650603 0.9999427559200444 1.5082201170190668
0.9999690943590536 0.0070504834776081 0.0034786505237108 120.7832851890926378 -0.0070857808807299 0.9999224529335536 0.0102410853260491 0.5454721295262123 -0.0034061761616834 -0.0102654177741147 0.9999415078702746 1.5204055074893330
0.9999564460335514 0.0087770386047058 0.0031732679181993 122.0963656448994925 -0.0088120949798524 0.9998983634459483 0.0112075760171566 0.5284374161274947 -0.0030745760708153 -0.0112350510210585 0.9999321580040013 1.5348040983748732
0.9999503405316711 0.0095533916603418 0.0028371073964578 123.4499418918827871 -0.0095892503478351 0.9998707241528847 0.0129066362679235 0.5287760333055938 -0.0027134384757107 -0.0129332010643169 0.9999126809686276 1.5441870461339928
0.9999381997883743 0.0108750786664842 0.0023085207348209 124.7931632847946020 -0.0109054107419474 0.9998485802282902 0.0135605542667638 0.5274077592774526 -0.0021606990847261 -0.0135848915884599 0.9999053865741474 1.5577373898017914
0.9999295414114693 0.0117802952715517 0.0014617988794307 126.1270076715960471 -0.0118017476509724 0.9998077947762236 0.0156554226096721 0.5184926361172885 -0.0012770924131071 -0.0156715713321837 0.9998763778022505 1.5817541910872064
0.9999193477086883 0.0126458237417157 0.0011752530471082 127.4930560974776341 -0.0126615487892199 0.9998146132385312 0.0145060103731037 0.5081418614402113 -0.0009915947203782 -0.0145197209539249 0.9998940916133722 1.5920887898531721
0.9999045375648165 0.0136790423049187 0.0019492457286953 128.7965326280076965 -0.0137050149777896 0.9998080649444497 0.0140002084446436 0.4963221978396993 -0.0017573621565161 -0.0140255863925596 0.9999000923115248 1.6119402130863696
0.9998921148998102 0.0144167300176556 0.0028136198717431 130.1562826902480765 -0.0144518612112217 0.9998124392424994 0.0128930230549354 0.4734508800963436 -0.0026272169145742 -0.0129322941337389 0.9999129229586555 1.6301350942173463
0.9998806867532154 0.0151421053964964 0.0030543251430803 131.4807860593354860 -0.0151769988896008 0.9998158472364966 0.0117443739497501 0.4660043060037370 -0.0028759281325016 -0.0117893281796677 0.9999263676783650 1.6445403523966819
0.9998847158982709 0.0148127506769512 0.0033372639117435 132.8271158762750588 -0.0148470089289421 0.9998347938172931 0.0104857712255651 0.4453656217677695 -0.0031813894602921 -0.0105341107699443 0.9999394538027733 1.6599510884220503
0.9998849042868633 0.0146775573797401 0.0038402459055048 134.1461773573493304 -0.0147126766113622 0.9998486750503500 0.0092824644889728 0.4388659472730930 -0.0037034208753242 -0.0093378964132186 0.9999495429092391 1.6718370311522930
0.9998895224419971 0.0143325574809081 0.0039396328219103 135.5058778428914934 -0.0143581931299950 0.9998754114471520 0.0065577338639469 0.4198977488413252 -0.0038451528912087 -0.0066135753904418 0.9999707372817458 1.6864707710423661
0.9999068681373030 0.0131062275430885 0.0038055027839989 136.8530904780445780 -0.0131331319426655 0.9998883135479482 0.0071331112157825 0.3982098294653995 -0.0037115895822105 -0.0071824250660186 0.9999673179024123 1.7073944678556918
0.9999150713705480 0.0122505998148829 0.0044466673146815 138.1823104329489240 -0.0122723917874964 0.9999126510877994 0.0049069944347787 0.3953427520479632 -0.0043861652780143 -0.0049611489339010 0.9999780740373309 1.7135248646852754
0.9999265570306082 0.0110576123044749 0.0049608220123013 139.5290020472932611 -0.0110739298106939 0.9999333224318592 0.0032739531046511 0.3822996464146973 -0.0049242891326193 -0.0033286484505810 0.9999823355819996 1.7307551949823841
0.9999375237671788 0.0100826412399376 0.0048258582645421 140.8715090863106525 -0.0100967506907917 0.9999447970691102 0.0029083397160477 0.3596120748887371 -0.0047962681170610 -0.0029568835017047 0.9999841262000645 1.7453721976258441
0.9999488385468939 0.0090862659621888 0.0044452288560222 142.2064843449140881 -0.0090989167918166 0.9999545879433893 0.0028340367291232 0.3559889863695447 -0.0044192761775704 -0.0028743385031675 0.9999861039915683 1.7568043502430570
0.9999601890616133 0.0079703050385375 0.0040117987805003 143.5649145896963716 -0.0079797810391272 0.9999653959508633 0.0023515942253650 0.3538696595944498 -0.0039929170327151 -0.0023835138820336 0.9999891876791188 1.7619006005120168
0.9999731961684675 0.0070505371848478 0.0019740491444486 144.9006079688225554 -0.0070527600872655 0.9999745002219664 0.0011213745938996 0.3430869709118251 -0.0019660925133611 -0.0011352670317802 0.9999974228211768 1.7847776922259255
0.9999799175321326 0.0062761596964115 0.0008799726669504 146.2400268521685973 -0.0062742278212750 0.9999779379336635 -0.0021812178215024 0.3354390349723448 -0.0008936429243155 0.0021756528682766 0.9999972339646348 1.8202659524007190
0.9999790079364343 0.0055593674956995 0.0033282306879517 147.5683720691770588 -0.0055207432835079 0.9999185879691257 -0.0115038614137804 0.3022087670064392 -0.0033919139231510 0.0114852456167738 0.9999282894553291 1.8274430439289537
0.9999801373506561 0.0040075272794734 0.0048646304348202 148.9431402224963392 -0.0039097419028223 0.9997933931106450 -0.0199470551850791 0.2978630489823317 -0.0049435637364576 0.0199276395342638 0.9997892029623925 1.8316608913086529
0.9999949611625563 0.0026746012088559 0.0017100169213112 150.2682709979591493 -0.0026346211920116 0.9997326930925613 -0.0229695697188545 0.3019229626229510 -0.0017709942609132 0.0229649487321069 0.9997347021630586 1.8516706332788657
0.9999948578723000 0.0029389968408684 -0.0012831704983622 151.6221698865035989 -0.0029659680397353 0.9997633886793484 -0.0215492387330362 0.3073453906681178 0.0012195337411365 0.0215529337667865 0.9997669647390329 1.8777810286543541
0.9999881202650103 0.0033700179506383 -0.0035216910517215 152.9693689207875593 -0.0034380118880210 0.9998042796230538 -0.0194828776540898 0.3148290006763626 0.0034553441375970 0.0194947538183682 0.9998039883749474 1.8841407095217086
0.9999849183411266 0.0042782313868229 -0.0034438098802245 154.3075276156814652 -0.0043414961851523 0.9998179941169647 -0.0185776761410973 0.3252487002744233 0.0033637034894052 0.0185923472463805 0.9998214891282871 1.9207438141525037
0.9999871137695687 0.0050330109930982 -0.0006641499460818 155.6454654035783562 -0.0050462677993204 0.9997506573854852 -0.0217522007757345 0.3151402798688802 0.0005545052795694 0.0217552719503498 0.9997631722894483 1.9353782966818349
0.9999819697990748 0.0054834617607455 0.0024477998040416 156.9881862743696956 -0.0054142445757281 0.9996087686166628 -0.0274407663951527 0.2887960337919275 -0.0025973125411515 0.0274270186458096 0.9996204342728123 1.9575790772318624
0.9999778703504885 0.0055164793435634 0.0037185030527961 158.3262197729716263 -0.0053998720339943 0.9995149414605294 -0.0306712109179084 0.2814878199679013 -0.0038858964626070 0.0306504527341175 0.9995226108277269 1.9763651446974715
0.9999775838838278 0.0055124260832527 0.0038006431743398 159.6799334473617478 -0.0053883276267937 0.9994757926941379 -0.0319234356517429 0.2734575381651165 -0.0039746264287745 0.0319022409416849 0.9994830910864128 1.9987640825646884
0.9999705764749218 0.0065946687918658 0.0039187406061236 161.0287316981588503 -0.0064712104364397 0.9995069735475556 -0.0307234969574309 0.2743699045811698 -0.0041194198499066 0.0306972339687396 0.9995202400185644 2.0001974731414149
0.9999660954607774 0.0074704736401596 0.0034640947618612 162.3747333399977890 -0.0073671360178480 0.9995539645908876 -0.0289412711803261 0.2817963824638929 -0.0036787546564022 0.0289147694825729 0.9995751111697148 2.0078176412021898
0.9999631971112090 0.0083770361859077 0.0018519416484916 163.7141481154156679 -0.0083259268592908 0.9996254723085873 -0.0260690247951000 0.2664518211530419 -0.0020696292091012 0.0260526462489666 0.9996584297940787 2.0241466615993224
0.9999589288830366 0.0089713361008721 0.0012867306070866 165.0803521834124297 -0.0089400757824754 0.9997061693364921 -0.0225310904210261 0.2756694770351871 -0.0014884865110647 0.0225186615748372 0.9997453147120943 2.0397362804095276
0.9999523007833911 0.0095363207745057 0.0021106264681643 166.4679457995800078 -0.0094901837482760 0.9997368446142864 -0.0208848733080717 0.2655655989329619 -0.0023092358966426 0.0208638468829691 0.9997796593864159 2.0498500455905644
0.9999530672782100 0.0094712805185688 0.0020391386020136 167.7977153039458926 -0.0094295963182114 0.9997641460685145 -0.0195636128864179 0.2654232301006390 -0.0022239501287614 0.0195434664589632 0.9998065347678980 2.0707245792059314
0.9999605834028047 0.0088757887262099 -0.0002280684328754 169.1469915540385784 -0.0088784646354121 0.9997962705487300 -0.0181270588504715 0.2550223669664823 0.0000671300240343 0.0181283692410102 0.9998356653581735 2.0781628675958070
0.9999577463765422 0.0086447556662288 -0.0031262854984777 170.5133563305827806 -0.0086851890527213 0.9998756868146255 -0.0131597267486657 0.2471109612833779 0.0030121342375924 0.0131863230831139 0.9999085197811260 2.1106217290007483
0.9999548555574026 0.0083216780954762 -0.0045865587153563 171.8824387927008388 -0.0083513239466473 0.9999441125444282 -0.0064828370390006 0.2486065014284483 0.0045323543012759 0.0065208482125683 0.9999684676543937 2.1381436580904718
0.9999595088752246 0.0082760715825577 -0.0035337302076069 173.2652757443804887 -0.0082875355395221 0.9999604025468183 -0.0032419273721329 0.2538001126598464 0.0035067598578932 0.0032710820175298 0.9999885012627564 2.1523768235521130
0.9999582364737414 0.0089945420249557 -0.0016197290163793 174.6217042346245023 -0.0089932799222415 0.9999592516637420 0.0007848110150257 0.2599933508660218 0.0016267220307730 -0.0007702115621078 0.9999983802734803 2.1751374517046682
0.9999646672260318 0.0083662456289496 0.0008186779632530 176.0246298223535462 -0.0083663020479320 0.9999649997364495 0.0000655143140681 0.2583688081035798 -0.0008181012004648 -0.0000723613063862 0.9999996627370767 2.1912530957742820
0.9999679862572295 0.0077829989821338 0.0018577910284642 177.4119304665225627 -0.0077789719527512 0.9999673994027564 -0.0021651159430147 0.2397236027266971 -0.0018745815585478 0.0021505949252454 0.9999959304344432 2.2139422449697204
0.9999795199426914 0.0060940391407240 0.0019550913369090 178.7939106564690235 -0.0060843371690698 0.9999693347176428 -0.0049305644269106 0.2346670718723058 -0.0019850784360846 0.0049185680137785 0.9999859334772147 2.2210666087410051
0.9999862063785092 0.0048371916871202 -0.0020466141061691 180.1705633832867761 -0.0048483619517731 0.9999731838157320 -0.0054886278624987 0.2308571185566041 0.0020200096787180 0.0054984748804058 0.9999828430202627 2.2492499125141818
0.9999774123798484 0.0030463296307891 -0.0059912107193083 181.5680568990920847 -0.0030598866321194 0.9999927761167307 -0.0022549519180569 0.2262074070126763 0.0059842981126575 0.0022732334096497 0.9999795100830637 2.2765604838915481
0.9999711356091473 0.0025343956507029 -0.0071627360162159 182.9495247634667123 -0.0025252407813412 0.9999959835417459 0.0012868797039887 0.2307973399964549 0.0071659687097104 -0.0012687549258958 0.9999735192260790 2.2904470902348124
0.9999791570348456 0.0023938759738953 -0.0059962366281795 184.3289156146056769 -0.0023574226075929 0.9999787434321530 0.0060790823733182 0.2434146307078456 0.0060106617380056 -0.0060648200034284 0.9999635442873892 2.3188155862921200
0.9999920839139036 0.0026267245353301 -0.0029887167386373 185.7578159654945580 -0.0026024545263678 0.9999638431022035 0.0080956604863249 0.2559142391011679 0.0030098737459408 -0.0080878184009750 0.9999627632334848 2.3389300238389215
0.9999954140373845 0.0028828734965848 -0.0009278710053745 187.1473494993910549 -0.0028756613779198 0.9999663547930545 0.0076824379939337 0.2395764342351752 0.0009499872838444 -0.0076797345197464 0.9999700591527062 2.3592409655035049
0.9999953720120318 0.0030421749492666 -0.0000335573575632 188.5306449719531372 -0.0030418772987103 0.9999723624175290 0.0067839062202851 0.2464399769756846 0.0000541942596805 -0.0067837727470845 0.9999769884803841 2.3806538135125259
0.9999960736487410 0.0027449725951755 0.0005637486616577 189.9358128284320912 -0.0027483722807873 0.9999774898830456 0.0061209620983710 0.2467752799147060 -0.0005469340983933 -0.0061224874565188 0.9999811078267613 2.3997487210708455
0.9999951220492008 0.0029724187365627 0.0009594814529081 191.3524233240697470 -0.0029761795152432 0.9999878004046919 0.0039422578909898 0.2441940582432262 -0.0009477517064032 -0.0039450942498951 0.9999917689651563 2.4167637165593434
0.9999944762002700 0.0030945641020179 0.0012129476353446 192.7669501008557802 -0.0030963766767258 0.9999940881919729 0.0014953369455373 0.2488731709251340 -0.0012083130485990 -0.0014990844283637 0.9999981463610086 2.4413358923572548
0.9999912504064954 0.0035904684513770 0.0021465429773001 194.1762436519395294 -0.0035872779294613 0.9999924580813637 -0.0014883606581476 0.2453807947876905 -0.0021518707002350 0.0014806473893497 0.9999965885620800 2.4604799107666184
0.9999869986239344 0.0038482996948925 0.0033456199057668 195.5977349647752987 -0.0038288202626376 0.9999757951750095 -0.0058094061231727 0.2332875397741969 -0.0033678952614338 0.0057965208156127 0.9999775285614884 2.4714462512953528
0.9999853989129780 0.0043020800552076 0.0032701785961664 197.0211953033731618 -0.0042726156482929 0.9999506923612174 -0.0089642401710372 0.2300628824396982 -0.0033085822302313 0.0089501370671437 0.9999544731287046 2.4801498248183327
0.9999903004287848 0.0043877907480996 -0.0003825450295873 198.4385213237655705 -0.0043904882833716 0.9999632646934946 -0.0073615810911573 0.2380282777512348 0.0003502298992752 0.0073631892464475 0.9999728300224655 2.5066578361559388
0.9999753789750142 0.0047564774252283 -0.0051592020972330 199.8799348905494071 -0.0047575075655830 0.9999886654342224 -0.0001874162380253 0.2470124603574904 0.0051582521788122 0.0002119565666553 0.9999866736656412 2.5300214796630365
0.9999648232579574 0.0063320282416466 -0.0055006967766766 201.2840220817784882 -0.0062840547094408 0.9999424496058708 0.0086952937051819 0.2819239761397798 0.0055554390547198 -0.0086604211535936 0.9999470657001558 2.5480939195814862
0.9999717231980986 0.0072347080057253 -0.0020522680861194 202.7649087067275104 -0.0072012061716558 0.9998478584288929 0.0158871842952053 0.2821879702699575 0.0021668949902374 -0.0158719562508345 0.9998716845530095 2.5569278659936621
0.9999673870745974 0.0080644776599411 0.0004347266663869 204.1786967328753519 -0.0080707453783358 0.9998204874756135 0.0171422254408432 0.2720607896344792 -0.0002964055333963 -0.0171451749509572 0.9998529667504422 2.5849031079779738
0.9999708823065505 0.0075859160679819 0.0008297086647440 205.6078036500507551 -0.0075981191341279 0.9998454466609651 0.0158540649979384 0.2683340688172062 -0.0007093128240887 -0.0158599075894152 0.9998739721617784 2.6047292691642996
0.9999774994461603 0.0066593393425904 0.0008085795723165 207.0712953142519837 -0.0066682181003562 0.9999113477714834 0.0115252533673566 0.2567857500494942 -0.0007317573167530 -0.0115303858277124 0.9999332551395085 2.6138838597393121
0.9999843648550316 0.0055717284491521 0.0004752763068076 208.5054151857790998 -0.0055766404356935 0.9999234015261486 0.0110495321994959 0.2484687143343052 -0.0004136749084621 -0.0110520098835288 0.9999388391049747 2.6414390794028342
0.9999865394418564 0.0051719720818560 -0.0004142944424052 209.9958812739633345 -0.0051665360123307 0.9999122992121428 0.0121942933341663 0.2418441839832981 0.0004773266531385 -0.0121919887250155 0.9999255610145164 2.6579550140540098
0.9999875055878896 0.0049969154442314 -0.0001396572719407 211.4231987092477425 -0.0049948112937502 0.9999113608268148 0.0123418940850776 0.2444306034506248 0.0002013162940004 -0.0123410423186476 0.9999238261718936 2.6768942799390603
0.9999891499781264 0.0046484323011137 0.0003033202370855 212.8831232675229330 -0.0046519641702648 0.9999056700372083 0.0129232448247379 0.2449670461344544 -0.0002432187962203 -0.0129245156421239 0.9999164453793296 2.6900213810655162
0.9999899118205973 0.0044848678075004 0.0002494349281932 214.3373175611944816 -0.0044876070714558 0.9999136231454602 0.0123534461139736 0.2421100339070960 -0.0001940098100004 -0.0123544408561406 0.9999236621619301 2.7193610781471809
0.9999909800914680 0.0041913762888218 -0.0006870957070166 215.8151220645470119 -0.0041821051129329 0.9999069992401035 0.0129808654363228 0.2356367699635834 0.0007414394981919 -0.0129778748436345 0.9999155089466377 2.7345453275263449
0.9999921151698814 0.0037940271432372 -0.0011725852220459 217.2915685419798137 -0.0037786371878370 0.9999101726441708 0.0128595701213977 0.2225751178309167 0.0012212694499068 -0.0128550379517459 0.9999166247743808 2.7530155680856390
0.9999924453836897 0.0037096518570714 -0.0011608870089993 218.7524125857754029 -0.0036946589816230 0.9999130191088709 0.0126611102037811 0.2389088514795680 0.0012077543449928 -0.0126567254723370 0.9999191710482203 2.7720818143100550
0.9999933137711173 0.0033862257705441 -0.0013805390580002 220.2166874533469922 -0.0033674242254864 0.9999045305661877 0.0134011270905665 0.2282805227384457 0.0014257865006264 -0.0133963886268954 0.9999092478343281 2.7966271077765237
0.9999928835394999 0.0033661036360314 -0.0017035893483320 221.6939411494640240 -0.0033427689177834 0.9999030168264409 0.0135197203131038 0.2322554003373693 0.0017489329085346 -0.0135139293950259 0.9999071531627263 2.8172057275827509
0.9999941479266385 0.0028332724502825 -0.0019174670006819 223.1904747464528214 -0.0028061131163821 0.9998977542000054 0.0140216573543798 0.2368907171988373 0.0019569981232239 -0.0140161946693115 0.9998998532079788 2.8357975959166364
0.9999952602866504 0.0022951393404018 -0.0020522523340117 224.6892736354029125 -0.0022665778885685 0.9999020298679424 0.0138127944545395 0.2407368881848460 0.0020837535625330 -0.0138080773960912 0.9999024927310234 2.8592438264545290
0.9999951341425318 0.0022278940540365 -0.0021836161164116 226.1637634049966152 -0.0021949739668770 0.9998856217083805 0.0149641434813389 0.2329006331488007 0.0022167048844165 -0.0149592776874204 0.9998856465769104 2.8822316217258215
0.9999955829585588 0.0021682841059486 -0.0020328815528483 227.6672845544870256 -0.0021389350734344 0.9998950346835853 0.0143298489825707 0.2471602045340232 0.0020637393545825 -0.0143254374853804 0.9998952559247037 2.9133735564527607
0.9999948717858731 0.0021836296124167 -0.0023426830069237 229.1539429548889188 -0.0021516005026543 0.9999053575599192 0.0135884707839810 0.2455787648877900 0.0023721334768789 -0.0135833605814579 0.9999049281297108 2.9312163693967368
0.9999954791210878 0.0020916859913239 -0.0021602284832659 230.6443290724803603 -0.0020627081842080 0.9999090179759516 0.0133304540550944 0.2519090773286609 0.0021879150653111 -0.0133259378687536 0.9999088120461711 2.9594439669304240
0.9999963365005375 0.0023447330164648 -0.0013524838576229 232.1243348706435938 -0.0023300725072332 0.9999395959587508 0.0107412846513447 0.2469131659467280 0.0013775876068934 -0.0107380939152010 0.9999413960785171 2.9815362412416011
0.9999958419919897 0.0026821325916955 -0.0010593221853175 233.6140646172446225 -0.0026709561852089 0.9999421987416552 0.0104146612408017 0.2663699932576480 0.0010871944575076 -0.0104117885334138 0.9999452048326183 2.9989897281694118
0.9999959416492838 0.0025948126847440 -0.0011762789181537 235.1200980028994252 -0.0025827466261344 0.9999451942430603 0.0101458331384674 0.2581217929083057 0.0012025409878223 -0.0101427539327110 0.9999478378584721 3.0189488171135608
0.9999936034023915 0.0031230917582679 -0.0017434024692812 236.6342411809894486 -0.0031017611951701 0.9999219028373635 0.0121064984035157 0.2526623441257740 0.0017810760198805 -0.0121010133449902 0.9999251938241359 3.0483423930122897
0.9999941142298829 0.0031510399484554 -0.0013573698225325 238.1378421126288742 -0.0031325430647242 0.9999050389782448 0.0134201415738616 0.2694842552729759 0.0013995283275205 -0.0134158105665695 0.9999090245353837 3.0717331234370548
0.9999928464759580 0.0037121288560759 0.0007260139579322 239.6504420439597425 -0.0037202175681544 0.9999272196229693 0.0114767346542375 0.2725922604897361 -0.0006833580004791 -0.0114793534850213 0.9999338765465490 3.0829384813275031
0.9999896392197440 0.0043387550618159 0.0013771919545576 241.1690433014904045 -0.0043536217168188 0.9999302184637415 0.0109819934893911 0.2796287059795943 -0.0013294476721463 -0.0109878754801714 0.9999387477047378 3.1023660047088502
0.9999882620803605 0.0048417797457710 0.0001813019403737 242.6734271785344674 -0.0048436596099196 0.9999109841586783 0.0124323256234152 0.2799226757356686 -0.0001210912192326 -0.0124330578586619 0.9999226992168944 3.1256433957587397
0.9999830021651414 0.0057234443940985 -0.0011124590143593 244.1869327856777261 -0.0057099363797653 0.9999142119154911 0.0117883601896646 0.2735161684363602 0.0011798336026746 -0.0117818077428678 0.9999298960422076 3.1455259796538728
0.9999850733750700 0.0054018289248929 -0.0008205311218826 245.7141712857234666 -0.0053909029218445 0.9999037940955512 0.0127804819552623 0.2796855333627438 0.0008894901590439 -0.0127758677821793 0.9999179896419852 3.1589819333855109
0.9999852546146940 0.0054299754060372 -0.0000769433265976 247.2615597036500503 -0.0054285521995865 0.9999039065796751 0.0127557213720275 0.2673926241652337 0.0001461991861865 -0.0127551155931361 0.9999186395162377 3.1884853888871025
0.9999849485529209 0.0054558411489610 0.0005800560055512 248.7521780015226796 -0.0054628495524400 0.9999024033312973 0.0128585025202380 0.2786258166938835 -0.0005098454468534 -0.0128614777398581 0.9999171577925681 3.2108016631078180
0.9999871191628010 0.0050464734309111 0.0005427839285889 250.2596937314235674 -0.0050532993503671 0.9998973041598594 0.0134106412792614 0.2676839468465457 -0.0004750517420301 -0.0134132113886481 0.9999099259863790 3.2294471731035355
0.9999859060099514 0.0052584160632761 0.0007326949993110 251.8181715314249232 -0.0052688994255257 0.9998716913323008 0.0151274443025851 0.2584532346798004 -0.0006530545920748 -0.0151310915927966 0.9998853052160084 3.2484545546206469
0.9999849549106997 0.0053936628716626 0.0009991761970409 253.3390539794069127 -0.0054093907397599 0.9998497171807820 0.0164706267438377 0.2662742957355581 -0.0009101890300839 -0.0164757838762552 0.9998638507824915 3.2724990069068340
0.9999845940535768 0.0054644578046295 0.0009753750071925 254.8655574617086188 -0.0054802876162119 0.9998397807915292 0.0170405162595039 0.2630306517414037 -0.0008821015513118 -0.0170455990697965 0.9998543241138705 3.2817179132367542
0.9999842002838719 0.0054605752822529 0.0013346535925208 256.3709253670242560 -0.0054810637564848 0.9998591595737201 0.0158625015880721 0.2669831131969783 -0.0012478472352534 -0.0158695662864833 0.9998732918440998 3.3077608149126467
0.9999824386498394 0.0055075483123415 0.0021884477392344 257.9357170270406527 -0.0055378041947168 0.9998856986493734 0.0140684882327661 0.2577616196811336 -0.0021107147180785 -0.0140803603661883 0.9998986390306456 3.3289929059868397
0.9999790336117632 0.0057641583332339 0.0029507313658595 259.4784081614014326 -0.0057966094686625 0.9999214821637824 0.0111098526566434 0.2547934914556098 -0.0028864607310456 -0.0111267239605342 0.9999339299965544 3.3534390834271712
0.9999827266460022 0.0054557713365151 0.0021865426477740 261.0127541433292322 -0.0054773274577892 0.9999352282042082 0.0099768872960572 0.2398925977592980 -0.0021319694057427 -0.0099886913718334 0.9999478390151815 3.3613531366134120
0.9999850151462739 0.0053356965123936 0.0012246736846405 262.5369905770572814 -0.0053472142603855 0.9999395979910792 0.0096024824442629 0.2362003651738122 -0.0011733637798015 -0.0096088871450589 0.9999531451549486 3.3877667724961587
0.9999797043126560 0.0057149391049340 0.0028161025904602 264.0695807487651905 -0.0057362949886569 0.9999544022291980 0.0076346828519843 0.2354764392293189 -0.0027723424348751 -0.0076506818960254 0.9999668900438402 3.4076052706278674
0.9999723741122434 0.0058859793445773 0.0045394117987638 265.6268560151722795 -0.0059036448445130 0.9999750147021826 0.0038880520726351 0.2184171174237767 -0.0045164133860179 -0.0039147437368078 0.9999821382362796 3.4126005131914989
0.9999714474904013 0.0062600337968574 0.0042327509746904 267.1555908843286034 -0.0062759507499404 0.9999732458573097 0.0037576604131821 0.2244394719128480 -0.0042091146498832 -0.0037841176592010 0.9999839817754109 3.4340655110632676
0.9999746355334471 0.0063721479953156 0.0031818264684618 268.6910191307265450 -0.0063808138875180 0.9999759407343770 0.0027208760594006 0.2213575558949997 -0.0031644120911262 -0.0027411096883485 0.9999912363684964 3.4500776424533925
0.9999683753458157 0.0075019212364830 0.0026399784111677 270.2165302543414214 -0.0075099517683927 0.9999671630241828 0.0030452418301131 0.2183020407711377 -0.0026170465579049 -0.0030649716359308 0.9999918784751127 3.4582896135213681
0.9999592854514091 0.0085742126508155 0.0028125285644767 271.7436030201656081 -0.0085879411711592 0.9999510880495170 0.0049059937859498 0.2197599933438013 -0.0027703259642345 -0.0049299478704814 0.9999840103261883 3.4755364579436518
0.9999550350047155 0.0091282144855360 0.0025697604993743 273.2946917464079206 -0.0091455463264261 0.9999349513602547 0.0068155726506524 0.2251458653352743 -0.0025073793309524 -0.0068387680521552 0.9999734717983371 3.4984196378486452
0.9999429709527549 0.0103857439355610 0.0024882051931100 274.8547248969523480 -0.0104057935040823 0.9999123574295373 0.0081851647054697 0.2275183198280125 -0.0024029780957096 -0.0082105896627602 0.9999634052872441 3.5189517933967269
0.9999385866270253 0.0108607411671296 0.0022061903017801 276.3839988367698766 -0.0108791238704528 0.9999047045760360 0.0084986134470077 0.2155332480353529 -0.0021136788210125 -0.0085220929360651 0.9999614524039567 3.5300416116592870
0.9999284516190593 0.0118346709045725 0.0017413234308986 277.9462390796368254 -0.0118498735823283 0.9998893214747758 0.0089958488646326 0.2117706122877663 -0.0016346677929692 -0.0090158396887332 0.9999580203668120 3.5555851096361919
0.9999167909232962 0.0128390632414499 0.0012528705995668 279.5012836734311463 -0.0128485014234841 0.9998867120570755 0.0078408585538632 0.2109153093600090 -0.0011520593855935 -0.0078563036329443 0.9999684751292908 3.5702209087743610
0.9999122481009500 0.0131818011024416 0.0013176560248429 281.0478839681267118 -0.0131924665358638 0.9998773310650061 0.0084428460260897 0.1874787305324722 -0.0012062024723272 -0.0084594882833310 0.9999634904003145 3.5993372985651719
0.9998960596702087 0.0142404908660010 0.0022535030254839 282.5913457848030248 -0.0142554970264243 0.9998753352799088 0.0067893080221495 0.1795247558353121 -0.0021565390142841 -0.0068207271449135 0.9999744131830046 3.6122960199031890
0.9998942245787543 0.0143422652918961 0.0024164189099610 284.1206867855872247 -0.0143557730783578 0.9998808822719832 0.0056686017961335 0.1463311881761322 -0.0023348304808363 -0.0057026917589243 0.9999810137564255 3.6322781830333875
0.9998901671062582 0.0148197413049588 0.0001702700004041 285.6628657433739136 -0.0148203834496505 0.9998788694262671 0.0047542306691165 0.1357292101231644 -0.0000997929068809 -0.0047562319649006 0.9999886840854110 3.6528993675783350
0.9998978030584088 0.0141881095724946 -0.0017552736898949 287.2131867122829476 -0.0141780776510793 0.9998837959177607 0.0056014975863609 0.1241127820472305 0.0018345443814520 -0.0055760387237650 0.9999827709711121 3.6770993275977557
0.9999050075127839 0.0136614644626609 -0.0018276595949493 288.7677892095701964 -0.0136516969872163 0.9998930073602348 0.0052540462002901 0.0967666318593494 0.0018992420142751 -0.0052285964503876 0.9999845272097615 3.6910331453381491
0.9999105749828654 0.0132595455542306 -0.0017396807554203 290.3095151760379053 -0.0132536425504970 0.9999065149078490 0.0033619048147344 0.0743303491029241 0.0017840954512445 -0.0033385470694544 0.9999928355277781 3.7223570258558900
0.9999226408921695 0.0122267528470473 -0.0022844574950243 291.8343230737345948 -0.0122202262978696 0.9999212704513146 0.0028493803287257 0.0663406346192518 0.0023191163097633 -0.0028212433156486 0.9999933311206108 3.7385987118774677
0.9999254492657906 0.0119372664814758 -0.0025685753944676 293.4253530676058404 -0.0119295137009853 0.9999243021161632 0.0030127629116522 0.0520268434827858 0.0026043451124677 -0.0029818964526048 0.9999921628093298 3.7615267469989044
0.9999374886363752 0.0109077910995038 -0.0024574199699247 295.0080781107490111 -0.0108993257413256 0.9999347099913064 0.0034322664503688 0.0418854892312487 0.0024946979703920 -0.0034052676739772 0.9999910902773610 3.7842336465229995
0.9999461823934997 0.0101504037229960 -0.0021451389059823 296.5235712529307079 -0.0101431487523352 0.9999428906688533 0.0033662938382877 0.0305261235702638 0.0021791856400430 -0.0033443542093928 0.9999920331906992 3.8108466087792925
0.9999571642742959 0.0092071387717791 -0.0009477405478418 298.1300850822315169 -0.0092033575740812 0.9999499662272877 0.0039195983735229 0.0182604820437175 0.0009837814149613 -0.0039107080795328 0.9999918692351675 3.8420466934782240
0.9999592264147165 0.0090280675078445 0.0001987590393480 299.7084832769177751 -0.0090287471777154 0.9999522616952784 0.0037357803600241 0.0073749897887291 -0.0001650226736436 -0.0037374225839805 0.9999930021954884 3.8540457211372239
0.9999555186071046 0.0094274227447041 0.0002907018902200 301.2921652063998295 -0.0094285044838613 0.9999476447559367 0.0039763111363168 0.0048186596480714 -0.0002532003044051 -0.0039788751485343 0.9999920521894953 3.8719646797045195
0.9999462649218319 0.0103621033463890 0.0003067297122674 302.8744099200923188 -0.0103634765369846 0.9999344026463785 0.0048773720688268 -0.0077119164211519 -0.0002561697581741 -0.0048802887690337 0.9999880585079933 3.8931820749524593
0.9999436147933491 0.0106174977505930 0.0001896721551514 304.4509386449725525 -0.0106182382990827 0.9999336763957701 0.0044604736366473 -0.0228581729697217 -0.0001423005066068 -0.0044622361160617 0.9999900340500451 3.9145262881292036
0.9999409859802232 0.0108216342174146 -0.0009574913908667 306.0749017189712049 -0.0108193889563496 0.9999387776974880 0.0023198447070837 -0.0281833121227601 0.0009825372819004 -0.0023093483319422 0.9999968507604269 3.9286960469276102
0.9999354385556118 0.0110295320191031 -0.0027327905217351 307.6765437753847436 -0.0110279012883260 0.9999390041273026 0.0006110794327625 -0.0493166550615838 0.0027393637529622 -0.0005809030364763 0.9999960792112593 3.9563041149052012
0.9999292487728338 0.0113333076604358 -0.0036129746843936 309.2662541784127370 -0.0113330055418141 0.9999357740135543 0.0001040831558225 -0.0453407029637743 0.0036139222439577 -0.0000631299296908 0.9999934677689782 3.9749862978668467
0.9999497103786695 0.0090059696978028 -0.0044123942952975 310.8508618457183843 -0.0090027649442682 0.9999591962956907 0.0007456319698159 -0.0616507590996398 0.0044189293921912 -0.0007058707235845 0.9999899873546477 3.9977095179709905
0.9999662487202281 0.0071723740155773 -0.0040073022565824 312.4766032662946031 -0.0071665806395436 0.9999732565315638 0.0014581987505712 -0.0627338969941950 0.0040176538342492 -0.0014294308797284 0.9999909075511778 4.0301627440024346
0.9999754621921526 0.0068891698354801 -0.0012705717487368 314.0907189401065125 -0.0068853056615946 0.9999717326899626 0.0030209910592742 -0.0640154686504078 0.0012913479535700 -0.0030121686559211 0.9999946296158050 4.0493647425901731
0.9999700569579145 0.0075195651649982 0.0018279297892749 315.7198729937316557 -0.0075227067642431 0.9999702283935521 0.0017179084627623 -0.0807008639093048 -0.0018149574442354 -0.0017316080031472 0.9999968537266500 4.0707184870093771
0.9999671331848486 0.0077270439852294 0.0024546570688015 317.3337974031791191 -0.0077293567485462 0.9999696917831571 0.0009341088542085 -0.0880904456384659 -0.0024473647723193 -0.0009530510732055 0.9999965510437139 4.0919186113487234
0.9999695621636990 0.0076183419760069 0.0016839274558696 318.9772047722992738 -0.0076185302612331 0.9999709730196397 0.0001054268172723 -0.1028235468960523 -0.0016830753989930 -0.0001182526605883 0.9999985766357418 4.1127806216785014
0.9999652380977259 0.0082164764856587 0.0014184887448013 320.6002689459666612 -0.0082158268226860 0.9999661422362750 -0.0004632177905674 -0.1159379431666195 -0.0014222467360285 0.0004515476303586 0.9999988866588599 4.1266732730334219
0.9999627452085152 0.0084673637673471 0.0016768857687457 322.2165407347224573 -0.0084661380512002 0.9999638902360444 -0.0007367024461410 -0.1152752540308874 -0.0016830631443961 0.0007224782540307 0.9999983226604054 4.1448888775222237
0.9999594724274588 0.0088389584776023 0.0017106477222639 323.8451070815197568 -0.0088375039088847 0.9999605821155418 -0.0008560022237625 -0.1296311781976370 -0.0017181464602622 0.0008408496761380 0.9999981704706080 4.1711858505972659
0.9999559696530133 0.0093123119973782 0.0011574111480353 325.4761780731198542 -0.0093126302907504 0.9999566000883242 0.0002699201125181 -0.1286042522615732 -0.0011548473361915 -0.0002806867699580 0.9999992937710342 4.1895027787188681
0.9999532252638765 0.0096620802087207 0.0004375961736223 327.1103229142447617 -0.0096624432132132 0.9999529687372454 0.0008351674808433 -0.1456564713525152 -0.0004295061377341 -0.0008393566642827 0.9999995555023351 4.2102363399245082
0.9999427444909216 0.0105684040529835 0.0016782656930108 328.7419138961383851 -0.0105685249668105 0.9999441495836002 0.0000631945926615 -0.1496294276601511 -0.0016775040951838 -0.0000809277673005 0.9999985897143591 4.2340758073007443
0.9999447788271772 0.0101645681226976 0.0026684922984140 330.3552307997374555 -0.0101616139492754 0.9999477441480150 -0.0011182912151234 -0.1700091752059474 -0.0026797198013125 0.0010911132732079 0.9999958142780456 4.2568216608344001
0.9999438328379227 0.0104113669231917 0.0019835846831329 331.9769291414386885 -0.0104085557973333 0.9999448180116716 -0.0014222861241368 -0.1854916482210156 -0.0019982831676942 0.0014015599865084 0.9999970212425565 4.2786435679061023
0.9999422124649315 0.0105627795163218 0.0019998549015864 333.6000215011964087 -0.0105611582254124 0.9999438935743347 -0.0008195366601994 -0.1965371759152055 -0.0020083992819232 0.0007983685171524 0.9999976644672902 4.3065846036161934
0.9999476924639943 0.0102278900374245 0.0000510030917979 335.2059839445285547 -0.0102279191880431 0.9999475083600072 0.0006084354493587 -0.2076207804471063 -0.0000447774036910 -0.0006089252791008 0.9999998136024769 4.3067132932702163
0.9999464860349452 0.0100304746786894 -0.0025327147658799 336.8126356801653856 -0.0100241504952937 0.9999466381101516 0.0024974665269412 -0.2125294902809255 0.0025576303901929 -0.0024719445636299 0.9999936739884215 4.3551136878937271
0.9999579381201635 0.0089371654020321 -0.0020613260411265 338.4203416700500497 -0.0089297770625288 0.9999537701382855 0.0035660437241355 -0.2193363919009370 0.0020931010689021 -0.0035474865476324 0.9999915170975751 4.3732470031991673
0.9999659874302440 0.0082135859951546 0.0007489911596662 340.0434101901439021 -0.0082164553349887 0.9999585925826413 0.0039119025897047 -0.2315834886055770 -0.0007168293975514 -0.0039179235882547 0.9999920679837273 4.4022611654806658
0.9999668988450259 0.0073578216823171 0.0034732800568100 341.6628148867708887 -0.0073755403582087 0.9999597106911998 0.0051164830495565 -0.2335053784843526 -0.0034354939508380 -0.0051419310052925 0.9999808787806148 4.4157239425063848
0.9999792377336686 0.0058764644757546 0.0026441003869695 343.2500090672745046 -0.0058913938676365 0.9999665458098241 0.0056743933125242 -0.2339931830176228 -0.0026106665600098 -0.0056898529360642 0.9999804048048534 4.4372472448682148
0.9999880807369360 0.0046812353089801 0.0013872346741107 344.8592706271678594 -0.0046890701256114 0.9999727642862535 0.0056994128702932 -0.2451746731623247 -0.0013605165990153 -0.0057058497781595 0.9999827959884574 4.4623274164076978
0.9999942738581591 0.0026335087122078 0.0021252959219298 346.4498417295397417 -0.0026435604296654 0.9999852686009544 0.0047406929168350 -0.2416948000394456 -0.0021127799572491 -0.0047462841191555 0.9999865043828904 4.4744485145802777
0.9999942438426381 0.0016357493238299 0.0029726428880570 348.0448127519056243 -0.0016451373840357 0.9999936588177969 0.0031584564558157 -0.2379690693346011 -0.0029674575949749 -0.0031633286811878 0.9999905937292994 4.5033722775491887
0.9999960859704132 0.0016757640790691 0.0022405040962142 349.6391627087546112 -0.0016822481648456 0.9999943936693018 0.0028952842826679 -0.2341648806278410 -0.0022356397218077 -0.0028990420343437 0.9999932987127050 4.5220082930732337
0.9999983266286167 0.0009644130177969 0.0015545570101072 351.2255049381288359 -0.0009684542069148 0.9999961486409960 0.0026009228408987 -0.2339455313489571 -0.0015520426591040 -0.0026024240058652 0.9999954092659016 4.5466594056661096
0.9999985139286856 0.0012902503193424 0.0011434135445816 352.8325418622823690 -0.0012928339162513 0.9999966066498862 0.0022616960843040 -0.2221443267518167 -0.0011404915104841 -0.0022631709670730 0.9999967886629878 4.5550882696684756
0.9999988534135837 0.0009024020930835 0.0012160764697721 354.4276907809370982 -0.0009047258827874 0.9999977634389192 0.0019116977366691 -0.2178557927667967 -0.0012143486299039 -0.0019127957606001 0.9999974332815976 4.5818105759282455
0.9999994850481673 0.0007979723405798 0.0006270115978792 356.0196509352231828 -0.0007987850568927 0.9999988398729028 0.0012969947113834 -0.2191897277515261 -0.0006259759045605 -0.0012974948909884 0.9999989623300490 4.6075161124153592
0.9999993791892290 0.0011112167257866 0.0000825744807442 357.6048013886020840 -0.0011113092720731 0.9999987448389840 0.0011292971966360 -0.2151400352142764 -0.0000813194831666 -0.0011293882613422 0.9999993589344429 4.6338418174628391
0.9999996859912015 0.0007753780262211 0.0001637266469316 359.1930534238562700 -0.0007754916253419 0.9999994578533229 0.0006949142387999 -0.2140231755090976 -0.0001631877369369 -0.0006950409892342 0.9999997451438605 4.6549026755168974
0.9999990146947858 0.0012616406839407 -0.0006155259881803 360.7871827829515041 -0.0012611620877692 0.9999989026293169 0.0007773096875679 -0.2052097842968294 0.0006165059982460 -0.0007765326436403 0.9999995084585830 4.6690082999292830
0.9999986441522822 0.0008799902726126 -0.0013918730966595 362.3853472703362399 -0.0008802855966547 0.9999995901657073 -0.0002115790296166 -0.2012358334122862 0.0013916863387342 0.0002128039885870 0.9999990089613074 4.7061735640402054
0.9999992750937353 0.0010937163542189 -0.0005035836975191 363.9751504964472133 -0.0010947568737428 0.9999972570349337 -0.0020706110199881 -0.2022804320691861 0.0005013176550708 0.0020711608207035 0.9999977294841541 4.7183504215628380
0.9999989324296723 0.0012542439925742 0.0007496742778019 365.5572155628188398 -0.0012506060389782 0.9999875358762668 -0.0048336401032101 -0.2020478689175606 -0.0007557274978307 0.0048326973957803 0.9999880368843569 4.7502009708651780
0.9999995471576487 0.0009485073131999 -0.0000775781825899 367.1333195715924944 -0.0009488646690067 0.9999882972763107 -0.0047439399516372 -0.1971450649246120 0.0000730776129764 0.0047440114145768 0.9999887444443366 4.7721440286400458
0.9999981559860065 0.0018155964845422 -0.0006258066730581 368.7338811892104218 -0.0018176835140483 0.9999927345070316 -0.0033506655745018 -0.1875787078365156 0.0006197186696261 0.0033517969143002 0.9999941906862339 4.7950874986089991
0.9999985317954767 0.0017114845471591 -0.0000850149147146 370.3441572476295391 -0.0017116553290628 0.9999964315556347 -0.0020511245772306 -0.1893127349052834 0.0000815041433254 0.0020512670819921 0.9999978928279963 4.8125093354173520
0.9999967378133918 0.0024997525920472 0.0005249757641527 371.9567505598919297 -0.0024992197841422 0.9999963637229149 -0.0010131344521674 -0.1943851007960792 -0.0005275064406683 0.0010118191173178 0.9999993489793025 4.8354201790982989
0.9999964219684138 0.0026295013626471 0.0004917041325024 373.5266154700578909 -0.0026292228423165 0.9999963832789116 -0.0005662299370675 -0.1812910520294494 -0.0004931912565368 0.0005649351113420 0.9999997188053127 4.8525243528621917
0.9999956843446300 0.0029379041950760 -0.0000033249916456 375.1336907826887455 -0.0029379052245394 0.9999956158463787 -0.0003701363442315 -0.1786077710165122 0.0000022375519498 0.0003701445153610 0.9999999314940132 4.8779565630866069
0.9999931699167165 0.0036788453465249 -0.0003552700851025 376.7513794670667835 -0.0036789411879998 0.9999931963589211 -0.0002694950896986 -0.1750296439774765 0.0003542762372157 0.0002708002667736 0.9999999005777767 4.8969895376257062
0.9999941847689187 0.0033962495243885 -0.0003097055278046 378.3577056581098077 -0.0033961453471348 0.9999941765383162 0.0003362829700242 -0.1736482345510197 0.0003108458251234 -0.0003352292094738 0.9999998954981196 4.9215170475135892
0.9999911178903590 0.0042065451390043 -0.0002629037534697 379.9750983797183608 -0.0042061943752012 0.9999902816620124 0.0013207991546846 -0.1647291231545824 0.0002684571997459 -0.0013196815989127 0.9999990931851935 4.9448435670522981
0.9999915512187598 0.0041089568213296 0.0001181733428335 381.5683669420936894 -0.0041092168407347 0.9999889318990706 0.0022913786923525 -0.1610078697492787 -0.0001087568587708 -0.0022918449328857 0.9999973678059104 4.9655240102120599
0.9999904374725488 0.0043652190552059 -0.0002642462119546 383.1796358107046103 -0.0043643833115395 0.9999857181221814 0.0030847544432560 -0.1598770151470391 0.0002777080668988 -0.0030835716734494 0.9999952072204967 4.9862780015809980
0.9999866624573769 0.0051226542187861 -0.0006582713049574 384.8061441228253443 -0.0051196537671751 0.9999768516262444 0.0044816689936080 -0.1531646046586753 0.0006812141076246 -0.0044782390979906 0.9999897406083328 5.0158506719858353
0.9999872264005139 0.0050141562686133 -0.0006366103371796 386.4182155006177481 -0.0050105917065154 0.9999724173116665 0.0054825711680625 -0.1563973041849012 0.0006640832463455 -0.0054793113414185 0.9999847679543252 5.0387058478695561
0.9999833345220175 0.0057730527075313 -0.0000504049883506 388.0447772845220697 -0.0057726098898105 0.9999627107286081 0.0064229375953770 -0.1460112286633720 0.0000874830660606 -0.0064225395857176 0.9999793714532230 5.0567028246851393
0.9999831903778543 0.0057782192459331 0.0004807744521807 389.6588784453911103 -0.0057817174789023 0.9999542197858258 0.0076243081990790 -0.1484407720847546 -0.0004366975178505 -0.0076269597393927 0.9999708189644394 5.0808237476437670
0.9999824157058935 0.0059202887739776 0.0003441799505168 391.2836141442094799 -0.0059232015039338 0.9999402461338720 0.0091880273005350 -0.1542302357829569 -0.0002897636095518 -0.0091899043827612 0.9999577299538648 5.1036970371608028
0.9999788251250800 0.0064906144497306 0.0004703461806879 392.8985492014318197 -0.0064945850725194 0.9999384136777775 0.0089994008859335 -0.1639181777943035 -0.0004119055723673 -0.0090022650280294 0.9999593939546568 5.1274509612651809
